35001	63.3167	20.1667	8183	0.0	1	0.0000	360.0000	NaN	NaN	NaN	NaN	NaN	324
35001	63.3167	20.1667	8183	0.0	2	0.0000	360.0000	NaN	NaN	NaN	NaN	NaN	3
35001	63.3167	20.1667	8183	0.0	3	0.0000	360.0000	NaN	NaN	NaN	NaN	NaN	15
35001	63.3167	20.1667	8183	0.0	4	0.0000	360.0000	NaN	NaN	NaN	NaN	NaN	94
35001	63.3167	20.1667	8183	0.0	5	0.0000	360.0000	NaN	NaN	NaN	NaN	NaN	1150
35001	63.3167	20.1667	8183	0.0	6	0.0000	360.0000	NaN	NaN	NaN	NaN	NaN	2702
35001	63.3167	20.1667	8183	0.0	7	0.0000	360.0000	NaN	NaN	NaN	NaN	NaN	3107
35001	63.3167	20.1667	8183	0.0	8	0.0000	360.0000	NaN	NaN	NaN	NaN	NaN	3053
35001	63.3167	20.1667	8183	0.0	9	0.0000	360.0000	NaN	NaN	NaN	NaN	NaN	3004
35001	63.3167	20.1667	8183	0.0	10	0.0000	360.0000	NaN	NaN	NaN	NaN	NaN	3054
35001	63.3167	20.1667	8183	0.0	11	0.0000	360.0000	NaN	NaN	NaN	NaN	NaN	2168
35001	63.3167	20.1667	8183	0.0	12	0.0000	360.0000	NaN	NaN	NaN	NaN	NaN	883
35001	63.3167	20.1667	8183	5.0	1	0.0000	360.0000	NaN	NaN	NaN	NaN	NaN	0
35001	63.3167	20.1667	8183	5.0	2	0.0000	360.0000	NaN	NaN	NaN	NaN	NaN	0
35001	63.3167	20.1667	8183	5.0	3	0.0000	360.0000	NaN	NaN	NaN	NaN	NaN	0
35001	63.3167	20.1667	8183	5.0	4	0.0000	360.0000	NaN	NaN	NaN	NaN	NaN	0
35001	63.3167	20.1667	8183	5.0	5	0.0000	360.0000	NaN	NaN	NaN	NaN	NaN	0
35001	63.3167	20.1667	8183	5.0	6	0.0000	360.0000	NaN	NaN	NaN	NaN	NaN	0
35001	63.3167	20.1667	8183	5.0	7	0.0000	360.0000	NaN	NaN	NaN	NaN	NaN	0
35001	63.3167	20.1667	8183	5.0	8	0.0000	360.0000	NaN	NaN	NaN	NaN	NaN	0
35001	63.3167	20.1667	8183	5.0	9	0.0000	360.0000	NaN	NaN	NaN	NaN	NaN	0
35001	63.3167	20.1667	8183	5.0	10	0.0000	360.0000	NaN	NaN	NaN	NaN	NaN	0
35001	63.3167	20.1667	8183	5.0	11	0.0000	360.0000	NaN	NaN	NaN	NaN	NaN	0
35001	63.3167	20.1667	8183	5.0	12	0.0000	360.0000	NaN	NaN	NaN	NaN	NaN	0
35001	63.3167	20.1667	8183	10.0	1	0.0000	360.0000	NaN	NaN	NaN	NaN	NaN	0
35001	63.3167	20.1667	8183	10.0	2	0.0000	360.0000	NaN	NaN	NaN	NaN	NaN	0
35001	63.3167	20.1667	8183	10.0	3	0.0000	360.0000	NaN	NaN	NaN	NaN	NaN	0
35001	63.3167	20.1667	8183	10.0	4	0.0000	360.0000	NaN	NaN	NaN	NaN	NaN	0
35001	63.3167	20.1667	8183	10.0	5	0.0000	360.0000	NaN	NaN	NaN	NaN	NaN	3
35001	63.3167	20.1667	8183	10.0	6	0.0000	360.0000	NaN	NaN	NaN	NaN	NaN	21
35001	63.3167	20.1667	8183	10.0	7	0.0000	360.0000	NaN	NaN	NaN	NaN	NaN	35
35001	63.3167	20.1667	8183	10.0	8	0.0000	360.0000	NaN	NaN	NaN	NaN	NaN	31
35001	63.3167	20.1667	8183	10.0	9	0.0000	360.0000	NaN	NaN	NaN	NaN	NaN	33
35001	63.3167	20.1667	8183	10.0	10	0.0000	360.0000	NaN	NaN	NaN	NaN	NaN	37
35001	63.3167	20.1667	8183	10.0	11	0.0000	360.0000	NaN	NaN	NaN	NaN	NaN	17
35001	63.3167	20.1667	8183	10.0	12	0.0000	360.0000	NaN	NaN	NaN	NaN	NaN	0
35001	63.3167	20.1667	8183	20.0	1	0.0000	360.0000	NaN	NaN	NaN	NaN	NaN	0
35001	63.3167	20.1667	8183	20.0	2	0.0000	360.0000	NaN	NaN	NaN	NaN	NaN	0
35001	63.3167	20.1667	8183	20.0	3	0.0000	360.0000	NaN	NaN	NaN	NaN	NaN	0
35001	63.3167	20.1667	8183	20.0	4	0.0000	360.0000	NaN	NaN	NaN	NaN	NaN	0
35001	63.3167	20.1667	8183	20.0	5	0.0000	360.0000	NaN	NaN	NaN	NaN	NaN	2
35001	63.3167	20.1667	8183	20.0	6	0.0000	360.0000	NaN	NaN	NaN	NaN	NaN	18
35001	63.3167	20.1667	8183	20.0	7	0.0000	360.0000	NaN	NaN	NaN	NaN	NaN	7
35001	63.3167	20.1667	8183	20.0	8	0.0000	360.0000	NaN	NaN	NaN	NaN	NaN	8
35001	63.3167	20.1667	8183	20.0	9	0.0000	360.0000	NaN	NaN	NaN	NaN	NaN	6
35001	63.3167	20.1667	8183	20.0	10	0.0000	360.0000	NaN	NaN	NaN	NaN	NaN	6
35001	63.3167	20.1667	8183	20.0	11	0.0000	360.0000	NaN	NaN	NaN	NaN	NaN	0
35001	63.3167	20.1667	8183	20.0	12	0.0000	360.0000	NaN	NaN	NaN	NaN	NaN	0
35001	63.3167	20.1667	8183	30.0	1	0.0000	360.0000	NaN	NaN	NaN	NaN	NaN	313
35001	63.3167	20.1667	8183	30.0	2	0.0000	360.0000	NaN	NaN	NaN	NaN	NaN	2
35001	63.3167	20.1667	8183	30.0	3	0.0000	360.0000	NaN	NaN	NaN	NaN	NaN	10
35001	63.3167	20.1667	8183	30.0	4	0.0000	360.0000	NaN	NaN	NaN	NaN	NaN	82
35001	63.3167	20.1667	8183	30.0	5	0.0000	360.0000	NaN	NaN	NaN	NaN	NaN	534
35001	63.3167	20.1667	8183	30.0	6	0.0000	360.0000	NaN	NaN	NaN	NaN	NaN	906
35001	63.3167	20.1667	8183	30.0	7	0.0000	360.0000	NaN	NaN	NaN	NaN	NaN	954
35001	63.3167	20.1667	8183	30.0	8	0.0000	360.0000	NaN	NaN	NaN	NaN	NaN	947
35001	63.3167	20.1667	8183	30.0	9	0.0000	360.0000	NaN	NaN	NaN	NaN	NaN	1021
35001	63.3167	20.1667	8183	30.0	10	0.0000	360.0000	NaN	NaN	NaN	NaN	NaN	1051
35001	63.3167	20.1667	8183	30.0	11	0.0000	360.0000	NaN	NaN	NaN	NaN	NaN	1004
35001	63.3167	20.1667	8183	30.0	12	0.0000	360.0000	NaN	NaN	NaN	NaN	NaN	842
35001	63.3167	20.1667	8183	40.0	1	0.0000	360.0000	NaN	NaN	NaN	NaN	NaN	0
35001	63.3167	20.1667	8183	40.0	2	0.0000	360.0000	NaN	NaN	NaN	NaN	NaN	0
35001	63.3167	20.1667	8183	40.0	3	0.0000	360.0000	NaN	NaN	NaN	NaN	NaN	0
35001	63.3167	20.1667	8183	40.0	4	0.0000	360.0000	NaN	NaN	NaN	NaN	NaN	0
35001	63.3167	20.1667	8183	40.0	5	0.0000	360.0000	NaN	NaN	NaN	NaN	NaN	0
35001	63.3167	20.1667	8183	40.0	6	0.0000	360.0000	NaN	NaN	NaN	NaN	NaN	0
35001	63.3167	20.1667	8183	40.0	7	0.0000	360.0000	NaN	NaN	NaN	NaN	NaN	0
35001	63.3167	20.1667	8183	40.0	8	0.0000	360.0000	NaN	NaN	NaN	NaN	NaN	0
35001	63.3167	20.1667	8183	40.0	9	0.0000	360.0000	NaN	NaN	NaN	NaN	NaN	0
35001	63.3167	20.1667	8183	40.0	10	0.0000	360.0000	NaN	NaN	NaN	NaN	NaN	0
35001	63.3167	20.1667	8183	40.0	11	0.0000	360.0000	NaN	NaN	NaN	NaN	NaN	0
35001	63.3167	20.1667	8183	40.0	12	0.0000	360.0000	NaN	NaN	NaN	NaN	NaN	0
35001	63.3167	20.1667	8183	45.0	1	0.0000	360.0000	NaN	NaN	NaN	NaN	NaN	0
35001	63.3167	20.1667	8183	45.0	2	0.0000	360.0000	NaN	NaN	NaN	NaN	NaN	0
35001	63.3167	20.1667	8183	45.0	3	0.0000	360.0000	NaN	NaN	NaN	NaN	NaN	0
35001	63.3167	20.1667	8183	45.0	4	0.0000	360.0000	NaN	NaN	NaN	NaN	NaN	0
35001	63.3167	20.1667	8183	45.0	5	0.0000	360.0000	NaN	NaN	NaN	NaN	NaN	1
35001	63.3167	20.1667	8183	45.0	6	0.0000	360.0000	NaN	NaN	NaN	NaN	NaN	4
35001	63.3167	20.1667	8183	45.0	7	0.0000	360.0000	NaN	NaN	NaN	NaN	NaN	0
35001	63.3167	20.1667	8183	45.0	8	0.0000	360.0000	NaN	NaN	NaN	NaN	NaN	0
35001	63.3167	20.1667	8183	45.0	9	0.0000	360.0000	NaN	NaN	NaN	NaN	NaN	0
35001	63.3167	20.1667	8183	45.0	10	0.0000	360.0000	NaN	NaN	NaN	NaN	NaN	0
35001	63.3167	20.1667	8183	45.0	11	0.0000	360.0000	NaN	NaN	NaN	NaN	NaN	0
35001	63.3167	20.1667	8183	45.0	12	0.0000	360.0000	NaN	NaN	NaN	NaN	NaN	0
35002	61.0333	18.5167	8183	0.0	1	0.0000	360.0000	NaN	NaN	NaN	NaN	NaN	1237
35002	61.0333	18.5167	8183	0.0	2	0.0000	360.0000	NaN	NaN	NaN	NaN	NaN	620
35002	61.0333	18.5167	8183	0.0	3	0.0000	360.0000	NaN	NaN	NaN	NaN	NaN	281
35002	61.0333	18.5167	8183	0.0	4	0.0000	360.0000	NaN	NaN	NaN	NaN	NaN	538
35002	61.0333	18.5167	8183	0.0	5	0.0000	360.0000	NaN	NaN	NaN	NaN	NaN	1700
35002	61.0333	18.5167	8183	0.0	6	0.0000	360.0000	NaN	NaN	NaN	NaN	NaN	2774
35002	61.0333	18.5167	8183	0.0	7	0.0000	360.0000	NaN	NaN	NaN	NaN	NaN	3134
35002	61.0333	18.5167	8183	0.0	8	0.0000	360.0000	NaN	NaN	NaN	NaN	NaN	2989
35002	61.0333	18.5167	8183	0.0	9	0.0000	360.0000	NaN	NaN	NaN	NaN	NaN	2664
35002	61.0333	18.5167	8183	0.0	10	0.0000	360.0000	NaN	NaN	NaN	NaN	NaN	2536
35002	61.0333	18.5167	8183	0.0	11	0.0000	360.0000	NaN	NaN	NaN	NaN	NaN	2234
35002	61.0333	18.5167	8183	0.0	12	0.0000	360.0000	NaN	NaN	NaN	NaN	NaN	1853
35002	61.0333	18.5167	8183	5.0	1	0.0000	360.0000	NaN	NaN	NaN	NaN	NaN	0
35002	61.0333	18.5167	8183	5.0	2	0.0000	360.0000	NaN	NaN	NaN	NaN	NaN	0
35002	61.0333	18.5167	8183	5.0	3	0.0000	360.0000	NaN	NaN	NaN	NaN	NaN	0
35002	61.0333	18.5167	8183	5.0	4	0.0000	360.0000	NaN	NaN	NaN	NaN	NaN	0
35002	61.0333	18.5167	8183	5.0	5	0.0000	360.0000	NaN	NaN	NaN	NaN	NaN	0
35002	61.0333	18.5167	8183	5.0	6	0.0000	360.0000	NaN	NaN	NaN	NaN	NaN	0
35002	61.0333	18.5167	8183	5.0	7	0.0000	360.0000	NaN	NaN	NaN	NaN	NaN	0
35002	61.0333	18.5167	8183	5.0	8	0.0000	360.0000	NaN	NaN	NaN	NaN	NaN	0
35002	61.0333	18.5167	8183	5.0	9	0.0000	360.0000	NaN	NaN	NaN	NaN	NaN	0
35002	61.0333	18.5167	8183	5.0	10	0.0000	360.0000	NaN	NaN	NaN	NaN	NaN	0
35002	61.0333	18.5167	8183	5.0	11	0.0000	360.0000	NaN	NaN	NaN	NaN	NaN	0
35002	61.0333	18.5167	8183	5.0	12	0.0000	360.0000	NaN	NaN	NaN	NaN	NaN	0
35002	61.0333	18.5167	8183	10.0	1	0.0000	360.0000	NaN	NaN	NaN	NaN	NaN	0
35002	61.0333	18.5167	8183	10.0	2	0.0000	360.0000	NaN	NaN	NaN	NaN	NaN	0
35002	61.0333	18.5167	8183	10.0	3	0.0000	360.0000	NaN	NaN	NaN	NaN	NaN	0
35002	61.0333	18.5167	8183	10.0	4	0.0000	360.0000	NaN	NaN	NaN	NaN	NaN	0
35002	61.0333	18.5167	8183	10.0	5	0.0000	360.0000	NaN	NaN	NaN	NaN	NaN	0
35002	61.0333	18.5167	8183	10.0	6	0.0000	360.0000	NaN	NaN	NaN	NaN	NaN	0
35002	61.0333	18.5167	8183	10.0	7	0.0000	360.0000	NaN	NaN	NaN	NaN	NaN	0
35002	61.0333	18.5167	8183	10.0	8	0.0000	360.0000	NaN	NaN	NaN	NaN	NaN	0
35002	61.0333	18.5167	8183	10.0	9	0.0000	360.0000	NaN	NaN	NaN	NaN	NaN	0
35002	61.0333	18.5167	8183	10.0	10	0.0000	360.0000	NaN	NaN	NaN	NaN	NaN	0
35002	61.0333	18.5167	8183	10.0	11	0.0000	360.0000	NaN	NaN	NaN	NaN	NaN	0
35002	61.0333	18.5167	8183	10.0	12	0.0000	360.0000	NaN	NaN	NaN	NaN	NaN	0
35002	61.0333	18.5167	8183	15.0	1	0.0000	360.0000	NaN	NaN	NaN	NaN	NaN	0
35002	61.0333	18.5167	8183	15.0	2	0.0000	360.0000	NaN	NaN	NaN	NaN	NaN	0
35002	61.0333	18.5167	8183	15.0	3	0.0000	360.0000	NaN	NaN	NaN	NaN	NaN	0
35002	61.0333	18.5167	8183	15.0	4	0.0000	360.0000	NaN	NaN	NaN	NaN	NaN	0
35002	61.0333	18.5167	8183	15.0	5	0.0000	360.0000	NaN	NaN	NaN	NaN	NaN	0
35002	61.0333	18.5167	8183	15.0	6	0.0000	360.0000	NaN	NaN	NaN	NaN	NaN	0
35002	61.0333	18.5167	8183	15.0	7	0.0000	360.0000	NaN	NaN	NaN	NaN	NaN	0
35002	61.0333	18.5167	8183	15.0	8	0.0000	360.0000	NaN	NaN	NaN	NaN	NaN	0
35002	61.0333	18.5167	8183	15.0	9	0.0000	360.0000	NaN	NaN	NaN	NaN	NaN	0
35002	61.0333	18.5167	8183	15.0	10	0.0000	360.0000	NaN	NaN	NaN	NaN	NaN	0
35002	61.0333	18.5167	8183	15.0	11	0.0000	360.0000	NaN	NaN	NaN	NaN	NaN	0
35002	61.0333	18.5167	8183	15.0	12	0.0000	360.0000	NaN	NaN	NaN	NaN	NaN	0
35002	61.0333	18.5167	8183	20.0	1	0.0000	360.0000	NaN	NaN	NaN	NaN	NaN	0
35002	61.0333	18.5167	8183	20.0	2	0.0000	360.0000	NaN	NaN	NaN	NaN	NaN	0
35002	61.0333	18.5167	8183	20.0	3	0.0000	360.0000	NaN	NaN	NaN	NaN	NaN	0
35002	61.0333	18.5167	8183	20.0	4	0.0000	360.0000	NaN	NaN	NaN	NaN	NaN	0
35002	61.0333	18.5167	8183	20.0	5	0.0000	360.0000	NaN	NaN	NaN	NaN	NaN	0
35002	61.0333	18.5167	8183	20.0	6	0.0000	360.0000	NaN	NaN	NaN	NaN	NaN	0
35002	61.0333	18.5167	8183	20.0	7	0.0000	360.0000	NaN	NaN	NaN	NaN	NaN	0
35002	61.0333	18.5167	8183	20.0	8	0.0000	360.0000	NaN	NaN	NaN	NaN	NaN	0
35002	61.0333	18.5167	8183	20.0	9	0.0000	360.0000	NaN	NaN	NaN	NaN	NaN	0
35002	61.0333	18.5167	8183	20.0	10	0.0000	360.0000	NaN	NaN	NaN	NaN	NaN	0
35002	61.0333	18.5167	8183	20.0	11	0.0000	360.0000	NaN	NaN	NaN	NaN	NaN	0
35002	61.0333	18.5167	8183	20.0	12	0.0000	360.0000	NaN	NaN	NaN	NaN	NaN	0
35002	61.0333	18.5167	8183	25.0	1	0.0000	360.0000	NaN	NaN	NaN	NaN	NaN	0
35002	61.0333	18.5167	8183	25.0	2	0.0000	360.0000	NaN	NaN	NaN	NaN	NaN	0
35002	61.0333	18.5167	8183	25.0	3	0.0000	360.0000	NaN	NaN	NaN	NaN	NaN	0
35002	61.0333	18.5167	8183	25.0	4	0.0000	360.0000	NaN	NaN	NaN	NaN	NaN	0
35002	61.0333	18.5167	8183	25.0	5	0.0000	360.0000	NaN	NaN	NaN	NaN	NaN	0
35002	61.0333	18.5167	8183	25.0	6	0.0000	360.0000	NaN	NaN	NaN	NaN	NaN	0
35002	61.0333	18.5167	8183	25.0	7	0.0000	360.0000	NaN	NaN	NaN	NaN	NaN	0
35002	61.0333	18.5167	8183	25.0	8	0.0000	360.0000	NaN	NaN	NaN	NaN	NaN	0
35002	61.0333	18.5167	8183	25.0	9	0.0000	360.0000	NaN	NaN	NaN	NaN	NaN	0
35002	61.0333	18.5167	8183	25.0	10	0.0000	360.0000	NaN	NaN	NaN	NaN	NaN	0
35002	61.0333	18.5167	8183	25.0	11	0.0000	360.0000	NaN	NaN	NaN	NaN	NaN	0
35002	61.0333	18.5167	8183	25.0	12	0.0000	360.0000	NaN	NaN	NaN	NaN	NaN	0
35002	61.0333	18.5167	8183	30.0	1	0.0000	360.0000	NaN	NaN	NaN	NaN	NaN	1081
35002	61.0333	18.5167	8183	30.0	2	0.0000	360.0000	NaN	NaN	NaN	NaN	NaN	559
35002	61.0333	18.5167	8183	30.0	3	0.0000	360.0000	NaN	NaN	NaN	NaN	NaN	253
35002	61.0333	18.5167	8183	30.0	4	0.0000	360.0000	NaN	NaN	NaN	NaN	NaN	382
35002	61.0333	18.5167	8183	30.0	5	0.0000	360.0000	NaN	NaN	NaN	NaN	NaN	912
35002	61.0333	18.5167	8183	30.0	6	0.0000	360.0000	NaN	NaN	NaN	NaN	NaN	1134
35002	61.0333	18.5167	8183	30.0	7	0.0000	360.0000	NaN	NaN	NaN	NaN	NaN	1218
35002	61.0333	18.5167	8183	30.0	8	0.0000	360.0000	NaN	NaN	NaN	NaN	NaN	1264
35002	61.0333	18.5167	8183	30.0	9	0.0000	360.0000	NaN	NaN	NaN	NaN	NaN	1359
35002	61.0333	18.5167	8183	30.0	10	0.0000	360.0000	NaN	NaN	NaN	NaN	NaN	1396
35002	61.0333	18.5167	8183	30.0	11	0.0000	360.0000	NaN	NaN	NaN	NaN	NaN	1283
35002	61.0333	18.5167	8183	30.0	12	0.0000	360.0000	NaN	NaN	NaN	NaN	NaN	1356
35003	60.5000	18.9167	8183	0.0	1	0.0000	360.0000	NaN	NaN	NaN	NaN	NaN	670
35003	60.5000	18.9167	8183	0.0	2	0.0000	360.0000	NaN	NaN	NaN	NaN	NaN	340
35003	60.5000	18.9167	8183	0.0	3	0.0000	360.0000	NaN	NaN	NaN	NaN	NaN	216
35003	60.5000	18.9167	8183	0.0	4	0.0000	360.0000	NaN	NaN	NaN	NaN	NaN	706
35003	60.5000	18.9167	8183	0.0	5	0.0000	360.0000	NaN	NaN	NaN	NaN	NaN	1507
35003	60.5000	18.9167	8183	0.0	6	0.0000	360.0000	NaN	NaN	NaN	NaN	NaN	1849
35003	60.5000	18.9167	8183	0.0	7	0.0000	360.0000	NaN	NaN	NaN	NaN	NaN	2019
35003	60.5000	18.9167	8183	0.0	8	0.0000	360.0000	NaN	NaN	NaN	NaN	NaN	1859
35003	60.5000	18.9167	8183	0.0	9	0.0000	360.0000	NaN	NaN	NaN	NaN	NaN	1656
35003	60.5000	18.9167	8183	0.0	10	0.0000	360.0000	NaN	NaN	NaN	NaN	NaN	1682
35003	60.5000	18.9167	8183	0.0	11	0.0000	360.0000	NaN	NaN	NaN	NaN	NaN	1484
35003	60.5000	18.9167	8183	0.0	12	0.0000	360.0000	NaN	NaN	NaN	NaN	NaN	1337
35003	60.5000	18.9167	8183	5.0	1	0.0000	360.0000	NaN	NaN	NaN	NaN	NaN	0
35003	60.5000	18.9167	8183	5.0	2	0.0000	360.0000	NaN	NaN	NaN	NaN	NaN	0
35003	60.5000	18.9167	8183	5.0	3	0.0000	360.0000	NaN	NaN	NaN	NaN	NaN	0
35003	60.5000	18.9167	8183	5.0	4	0.0000	360.0000	NaN	NaN	NaN	NaN	NaN	0
35003	60.5000	18.9167	8183	5.0	5	0.0000	360.0000	NaN	NaN	NaN	NaN	NaN	0
35003	60.5000	18.9167	8183	5.0	6	0.0000	360.0000	NaN	NaN	NaN	NaN	NaN	0
35003	60.5000	18.9167	8183	5.0	7	0.0000	360.0000	NaN	NaN	NaN	NaN	NaN	0
35003	60.5000	18.9167	8183	5.0	8	0.0000	360.0000	NaN	NaN	NaN	NaN	NaN	0
35003	60.5000	18.9167	8183	5.0	9	0.0000	360.0000	NaN	NaN	NaN	NaN	NaN	0
35003	60.5000	18.9167	8183	5.0	10	0.0000	360.0000	NaN	NaN	NaN	NaN	NaN	0
35003	60.5000	18.9167	8183	5.0	11	0.0000	360.0000	NaN	NaN	NaN	NaN	NaN	0
35003	60.5000	18.9167	8183	5.0	12	0.0000	360.0000	NaN	NaN	NaN	NaN	NaN	0
35003	60.5000	18.9167	8183	10.0	1	0.0000	360.0000	NaN	NaN	NaN	NaN	NaN	5
35003	60.5000	18.9167	8183	10.0	2	0.0000	360.0000	NaN	NaN	NaN	NaN	NaN	0
35003	60.5000	18.9167	8183	10.0	3	0.0000	360.0000	NaN	NaN	NaN	NaN	NaN	0
35003	60.5000	18.9167	8183	10.0	4	0.0000	360.0000	NaN	NaN	NaN	NaN	NaN	0
35003	60.5000	18.9167	8183	10.0	5	0.0000	360.0000	NaN	NaN	NaN	NaN	NaN	0
35003	60.5000	18.9167	8183	10.0	6	0.0000	360.0000	NaN	NaN	NaN	NaN	NaN	3
35003	60.5000	18.9167	8183	10.0	7	0.0000	360.0000	NaN	NaN	NaN	NaN	NaN	34
35003	60.5000	18.9167	8183	10.0	8	0.0000	360.0000	NaN	NaN	NaN	NaN	NaN	3
35003	60.5000	18.9167	8183	10.0	9	0.0000	360.0000	NaN	NaN	NaN	NaN	NaN	3
35003	60.5000	18.9167	8183	10.0	10	0.0000	360.0000	NaN	NaN	NaN	NaN	NaN	3
35003	60.5000	18.9167	8183	10.0	11	0.0000	360.0000	NaN	NaN	NaN	NaN	NaN	3
35003	60.5000	18.9167	8183	10.0	12	0.0000	360.0000	NaN	NaN	NaN	NaN	NaN	0
35003	60.5000	18.9167	8183	15.0	1	0.0000	360.0000	NaN	NaN	NaN	NaN	NaN	0
35003	60.5000	18.9167	8183	15.0	2	0.0000	360.0000	NaN	NaN	NaN	NaN	NaN	0
35003	60.5000	18.9167	8183	15.0	3	0.0000	360.0000	NaN	NaN	NaN	NaN	NaN	0
35003	60.5000	18.9167	8183	15.0	4	0.0000	360.0000	NaN	NaN	NaN	NaN	NaN	0
35003	60.5000	18.9167	8183	15.0	5	0.0000	360.0000	NaN	NaN	NaN	NaN	NaN	0
35003	60.5000	18.9167	8183	15.0	6	0.0000	360.0000	NaN	NaN	NaN	NaN	NaN	0
35003	60.5000	18.9167	8183	15.0	7	0.0000	360.0000	NaN	NaN	NaN	NaN	NaN	0
35003	60.5000	18.9167	8183	15.0	8	0.0000	360.0000	NaN	NaN	NaN	NaN	NaN	0
35003	60.5000	18.9167	8183	15.0	9	0.0000	360.0000	NaN	NaN	NaN	NaN	NaN	0
35003	60.5000	18.9167	8183	15.0	10	0.0000	360.0000	NaN	NaN	NaN	NaN	NaN	0
35003	60.5000	18.9167	8183	15.0	11	0.0000	360.0000	NaN	NaN	NaN	NaN	NaN	0
35003	60.5000	18.9167	8183	15.0	12	0.0000	360.0000	NaN	NaN	NaN	NaN	NaN	0
35003	60.5000	18.9167	8183	20.0	1	0.0000	360.0000	NaN	NaN	NaN	NaN	NaN	0
35003	60.5000	18.9167	8183	20.0	2	0.0000	360.0000	NaN	NaN	NaN	NaN	NaN	0
35003	60.5000	18.9167	8183	20.0	3	0.0000	360.0000	NaN	NaN	NaN	NaN	NaN	0
35003	60.5000	18.9167	8183	20.0	4	0.0000	360.0000	NaN	NaN	NaN	NaN	NaN	0
35003	60.5000	18.9167	8183	20.0	5	0.0000	360.0000	NaN	NaN	NaN	NaN	NaN	0
35003	60.5000	18.9167	8183	20.0	6	0.0000	360.0000	NaN	NaN	NaN	NaN	NaN	3
35003	60.5000	18.9167	8183	20.0	7	0.0000	360.0000	NaN	NaN	NaN	NaN	NaN	33
35003	60.5000	18.9167	8183	20.0	8	0.0000	360.0000	NaN	NaN	NaN	NaN	NaN	3
35003	60.5000	18.9167	8183	20.0	9	0.0000	360.0000	NaN	NaN	NaN	NaN	NaN	3
35003	60.5000	18.9167	8183	20.0	10	0.0000	360.0000	NaN	NaN	NaN	NaN	NaN	3
35003	60.5000	18.9167	8183	20.0	11	0.0000	360.0000	NaN	NaN	NaN	NaN	NaN	3
35003	60.5000	18.9167	8183	20.0	12	0.0000	360.0000	NaN	NaN	NaN	NaN	NaN	0
35003	60.5000	18.9167	8183	35.0	1	0.0000	360.0000	NaN	NaN	NaN	NaN	NaN	0
35003	60.5000	18.9167	8183	35.0	2	0.0000	360.0000	NaN	NaN	NaN	NaN	NaN	0
35003	60.5000	18.9167	8183	35.0	3	0.0000	360.0000	NaN	NaN	NaN	NaN	NaN	0
35003	60.5000	18.9167	8183	35.0	4	0.0000	360.0000	NaN	NaN	NaN	NaN	NaN	0
35003	60.5000	18.9167	8183	35.0	5	0.0000	360.0000	NaN	NaN	NaN	NaN	NaN	0
35003	60.5000	18.9167	8183	35.0	6	0.0000	360.0000	NaN	NaN	NaN	NaN	NaN	0
35003	60.5000	18.9167	8183	35.0	7	0.0000	360.0000	NaN	NaN	NaN	NaN	NaN	0
35003	60.5000	18.9167	8183	35.0	8	0.0000	360.0000	NaN	NaN	NaN	NaN	NaN	0
35003	60.5000	18.9167	8183	35.0	9	0.0000	360.0000	NaN	NaN	NaN	NaN	NaN	0
35003	60.5000	18.9167	8183	35.0	10	0.0000	360.0000	NaN	NaN	NaN	NaN	NaN	0
35003	60.5000	18.9167	8183	35.0	11	0.0000	360.0000	NaN	NaN	NaN	NaN	NaN	0
35003	60.5000	18.9167	8183	35.0	12	0.0000	360.0000	NaN	NaN	NaN	NaN	NaN	0
35003	60.5000	18.9167	8183	45.0	1	0.0000	360.0000	NaN	NaN	NaN	NaN	NaN	0
35003	60.5000	18.9167	8183	45.0	2	0.0000	360.0000	NaN	NaN	NaN	NaN	NaN	0
35003	60.5000	18.9167	8183	45.0	3	0.0000	360.0000	NaN	NaN	NaN	NaN	NaN	0
35003	60.5000	18.9167	8183	45.0	4	0.0000	360.0000	NaN	NaN	NaN	NaN	NaN	0
35003	60.5000	18.9167	8183	45.0	5	0.0000	360.0000	NaN	NaN	NaN	NaN	NaN	0
35003	60.5000	18.9167	8183	45.0	6	0.0000	360.0000	NaN	NaN	NaN	NaN	NaN	26
35003	60.5000	18.9167	8183	45.0	7	0.0000	360.0000	NaN	NaN	NaN	NaN	NaN	30
35003	60.5000	18.9167	8183	45.0	8	0.0000	360.0000	NaN	NaN	NaN	NaN	NaN	0
35003	60.5000	18.9167	8183	45.0	9	0.0000	360.0000	NaN	NaN	NaN	NaN	NaN	13
35003	60.5000	18.9167	8183	45.0	10	0.0000	360.0000	NaN	NaN	NaN	NaN	NaN	0
35003	60.5000	18.9167	8183	45.0	11	0.0000	360.0000	NaN	NaN	NaN	NaN	NaN	0
35003	60.5000	18.9167	8183	45.0	12	0.0000	360.0000	NaN	NaN	NaN	NaN	NaN	0
35003	60.5000	18.9167	8183	50.0	1	0.0000	360.0000	NaN	NaN	NaN	NaN	NaN	523
35003	60.5000	18.9167	8183	50.0	2	0.0000	360.0000	NaN	NaN	NaN	NaN	NaN	309
35003	60.5000	18.9167	8183	50.0	3	0.0000	360.0000	NaN	NaN	NaN	NaN	NaN	177
35003	60.5000	18.9167	8183	50.0	4	0.0000	360.0000	NaN	NaN	NaN	NaN	NaN	343
35003	60.5000	18.9167	8183	50.0	5	0.0000	360.0000	NaN	NaN	NaN	NaN	NaN	460
35003	60.5000	18.9167	8183	50.0	6	0.0000	360.0000	NaN	NaN	NaN	NaN	NaN	477
35003	60.5000	18.9167	8183	50.0	7	0.0000	360.0000	NaN	NaN	NaN	NaN	NaN	534
35003	60.5000	18.9167	8183	50.0	8	0.0000	360.0000	NaN	NaN	NaN	NaN	NaN	522
35003	60.5000	18.9167	8183	50.0	9	0.0000	360.0000	NaN	NaN	NaN	NaN	NaN	555
35003	60.5000	18.9167	8183	50.0	10	0.0000	360.0000	NaN	NaN	NaN	NaN	NaN	561
35003	60.5000	18.9167	8183	50.0	11	0.0000	360.0000	NaN	NaN	NaN	NaN	NaN	517
35003	60.5000	18.9167	8183	50.0	12	0.0000	360.0000	NaN	NaN	NaN	NaN	NaN	515
35004	59.5833	19.7833	8183	0.0	1	0.0000	360.0000	NaN	NaN	NaN	NaN	NaN	1447
35004	59.5833	19.7833	8183	0.0	2	0.0000	360.0000	NaN	NaN	NaN	NaN	NaN	749
35004	59.5833	19.7833	8183	0.0	3	0.0000	360.0000	NaN	NaN	NaN	NaN	NaN	602
35004	59.5833	19.7833	8183	0.0	4	0.0000	360.0000	NaN	NaN	NaN	NaN	NaN	1404
35004	59.5833	19.7833	8183	0.0	5	0.0000	360.0000	NaN	NaN	NaN	NaN	NaN	3025
35004	59.5833	19.7833	8183	0.0	6	0.0000	360.0000	NaN	NaN	NaN	NaN	NaN	3218
35004	59.5833	19.7833	8183	0.0	7	0.0000	360.0000	NaN	NaN	NaN	NaN	NaN	3436
35004	59.5833	19.7833	8183	0.0	8	0.0000	360.0000	NaN	NaN	NaN	NaN	NaN	3262
35004	59.5833	19.7833	8183	0.0	9	0.0000	360.0000	NaN	NaN	NaN	NaN	NaN	2828
35004	59.5833	19.7833	8183	0.0	10	0.0000	360.0000	NaN	NaN	NaN	NaN	NaN	2897
35004	59.5833	19.7833	8183	0.0	11	0.0000	360.0000	NaN	NaN	NaN	NaN	NaN	2497
35004	59.5833	19.7833	8183	0.0	12	0.0000	360.0000	NaN	NaN	NaN	NaN	NaN	1855
35004	59.5833	19.7833	8183	5.0	1	0.0000	360.0000	NaN	NaN	NaN	NaN	NaN	0
35004	59.5833	19.7833	8183	5.0	2	0.0000	360.0000	NaN	NaN	NaN	NaN	NaN	0
35004	59.5833	19.7833	8183	5.0	3	0.0000	360.0000	NaN	NaN	NaN	NaN	NaN	0
35004	59.5833	19.7833	8183	5.0	4	0.0000	360.0000	NaN	NaN	NaN	NaN	NaN	0
35004	59.5833	19.7833	8183	5.0	5	0.0000	360.0000	NaN	NaN	NaN	NaN	NaN	0
35004	59.5833	19.7833	8183	5.0	6	0.0000	360.0000	NaN	NaN	NaN	NaN	NaN	0
35004	59.5833	19.7833	8183	5.0	7	0.0000	360.0000	NaN	NaN	NaN	NaN	NaN	0
35004	59.5833	19.7833	8183	5.0	8	0.0000	360.0000	NaN	NaN	NaN	NaN	NaN	0
35004	59.5833	19.7833	8183	5.0	9	0.0000	360.0000	NaN	NaN	NaN	NaN	NaN	0
35004	59.5833	19.7833	8183	5.0	10	0.0000	360.0000	NaN	NaN	NaN	NaN	NaN	0
35004	59.5833	19.7833	8183	5.0	11	0.0000	360.0000	NaN	NaN	NaN	NaN	NaN	0
35004	59.5833	19.7833	8183	5.0	12	0.0000	360.0000	NaN	NaN	NaN	NaN	NaN	0
35004	59.5833	19.7833	8183	10.0	1	0.0000	360.0000	NaN	NaN	NaN	NaN	NaN	0
35004	59.5833	19.7833	8183	10.0	2	0.0000	360.0000	NaN	NaN	NaN	NaN	NaN	0
35004	59.5833	19.7833	8183	10.0	3	0.0000	360.0000	NaN	NaN	NaN	NaN	NaN	0
35004	59.5833	19.7833	8183	10.0	4	0.0000	360.0000	NaN	NaN	NaN	NaN	NaN	1
35004	59.5833	19.7833	8183	10.0	5	0.0000	360.0000	NaN	NaN	NaN	NaN	NaN	6
35004	59.5833	19.7833	8183	10.0	6	0.0000	360.0000	NaN	NaN	NaN	NaN	NaN	9
35004	59.5833	19.7833	8183	10.0	7	0.0000	360.0000	NaN	NaN	NaN	NaN	NaN	8
35004	59.5833	19.7833	8183	10.0	8	0.0000	360.0000	NaN	NaN	NaN	NaN	NaN	15
35004	59.5833	19.7833	8183	10.0	9	0.0000	360.0000	NaN	NaN	NaN	NaN	NaN	22
35004	59.5833	19.7833	8183	10.0	10	0.0000	360.0000	NaN	NaN	NaN	NaN	NaN	18
35004	59.5833	19.7833	8183	10.0	11	0.0000	360.0000	NaN	NaN	NaN	NaN	NaN	5
35004	59.5833	19.7833	8183	10.0	12	0.0000	360.0000	NaN	NaN	NaN	NaN	NaN	0
35004	59.5833	19.7833	8183	15.0	1	0.0000	360.0000	NaN	NaN	NaN	NaN	NaN	0
35004	59.5833	19.7833	8183	15.0	2	0.0000	360.0000	NaN	NaN	NaN	NaN	NaN	0
35004	59.5833	19.7833	8183	15.0	3	0.0000	360.0000	NaN	NaN	NaN	NaN	NaN	0
35004	59.5833	19.7833	8183	15.0	4	0.0000	360.0000	NaN	NaN	NaN	NaN	NaN	0
35004	59.5833	19.7833	8183	15.0	5	0.0000	360.0000	NaN	NaN	NaN	NaN	NaN	0
35004	59.5833	19.7833	8183	15.0	6	0.0000	360.0000	NaN	NaN	NaN	NaN	NaN	10
35004	59.5833	19.7833	8183	15.0	7	0.0000	360.0000	NaN	NaN	NaN	NaN	NaN	0
35004	59.5833	19.7833	8183	15.0	8	0.0000	360.0000	NaN	NaN	NaN	NaN	NaN	5
35004	59.5833	19.7833	8183	15.0	9	0.0000	360.0000	NaN	NaN	NaN	NaN	NaN	4
35004	59.5833	19.7833	8183	15.0	10	0.0000	360.0000	NaN	NaN	NaN	NaN	NaN	4
35004	59.5833	19.7833	8183	15.0	11	0.0000	360.0000	NaN	NaN	NaN	NaN	NaN	0
35004	59.5833	19.7833	8183	15.0	12	0.0000	360.0000	NaN	NaN	NaN	NaN	NaN	0
35004	59.5833	19.7833	8183	20.0	1	0.0000	360.0000	NaN	NaN	NaN	NaN	NaN	0
35004	59.5833	19.7833	8183	20.0	2	0.0000	360.0000	NaN	NaN	NaN	NaN	NaN	0
35004	59.5833	19.7833	8183	20.0	3	0.0000	360.0000	NaN	NaN	NaN	NaN	NaN	0
35004	59.5833	19.7833	8183	20.0	4	0.0000	360.0000	NaN	NaN	NaN	NaN	NaN	0
35004	59.5833	19.7833	8183	20.0	5	0.0000	360.0000	NaN	NaN	NaN	NaN	NaN	0
35004	59.5833	19.7833	8183	20.0	6	0.0000	360.0000	NaN	NaN	NaN	NaN	NaN	0
35004	59.5833	19.7833	8183	20.0	7	0.0000	360.0000	NaN	NaN	NaN	NaN	NaN	0
35004	59.5833	19.7833	8183	20.0	8	0.0000	360.0000	NaN	NaN	NaN	NaN	NaN	0
35004	59.5833	19.7833	8183	20.0	9	0.0000	360.0000	NaN	NaN	NaN	NaN	NaN	0
35004	59.5833	19.7833	8183	20.0	10	0.0000	360.0000	NaN	NaN	NaN	NaN	NaN	0
35004	59.5833	19.7833	8183	20.0	11	0.0000	360.0000	NaN	NaN	NaN	NaN	NaN	0
35004	59.5833	19.7833	8183	20.0	12	0.0000	360.0000	NaN	NaN	NaN	NaN	NaN	0
35004	59.5833	19.7833	8183	21.0	1	0.0000	360.0000	NaN	NaN	NaN	NaN	NaN	0
35004	59.5833	19.7833	8183	21.0	2	0.0000	360.0000	NaN	NaN	NaN	NaN	NaN	0
35004	59.5833	19.7833	8183	21.0	3	0.0000	360.0000	NaN	NaN	NaN	NaN	NaN	0
35004	59.5833	19.7833	8183	21.0	4	0.0000	360.0000	NaN	NaN	NaN	NaN	NaN	0
35004	59.5833	19.7833	8183	21.0	5	0.0000	360.0000	NaN	NaN	NaN	NaN	NaN	0
35004	59.5833	19.7833	8183	21.0	6	0.0000	360.0000	NaN	NaN	NaN	NaN	NaN	0
35004	59.5833	19.7833	8183	21.0	7	0.0000	360.0000	NaN	NaN	NaN	NaN	NaN	0
35004	59.5833	19.7833	8183	21.0	8	0.0000	360.0000	NaN	NaN	NaN	NaN	NaN	0
35004	59.5833	19.7833	8183	21.0	9	0.0000	360.0000	NaN	NaN	NaN	NaN	NaN	0
35004	59.5833	19.7833	8183	21.0	10	0.0000	360.0000	NaN	NaN	NaN	NaN	NaN	0
35004	59.5833	19.7833	8183	21.0	11	0.0000	360.0000	NaN	NaN	NaN	NaN	NaN	0
35004	59.5833	19.7833	8183	21.0	12	0.0000	360.0000	NaN	NaN	NaN	NaN	NaN	0
35004	59.5833	19.7833	8183	22.0	1	0.0000	360.0000	NaN	NaN	NaN	NaN	NaN	0
35004	59.5833	19.7833	8183	22.0	2	0.0000	360.0000	NaN	NaN	NaN	NaN	NaN	0
35004	59.5833	19.7833	8183	22.0	3	0.0000	360.0000	NaN	NaN	NaN	NaN	NaN	0
35004	59.5833	19.7833	8183	22.0	4	0.0000	360.0000	NaN	NaN	NaN	NaN	NaN	0
35004	59.5833	19.7833	8183	22.0	5	0.0000	360.0000	NaN	NaN	NaN	NaN	NaN	0
35004	59.5833	19.7833	8183	22.0	6	0.0000	360.0000	NaN	NaN	NaN	NaN	NaN	0
35004	59.5833	19.7833	8183	22.0	7	0.0000	360.0000	NaN	NaN	NaN	NaN	NaN	0
35004	59.5833	19.7833	8183	22.0	8	0.0000	360.0000	NaN	NaN	NaN	NaN	NaN	0
35004	59.5833	19.7833	8183	22.0	9	0.0000	360.0000	NaN	NaN	NaN	NaN	NaN	0
35004	59.5833	19.7833	8183	22.0	10	0.0000	360.0000	NaN	NaN	NaN	NaN	NaN	0
35004	59.5833	19.7833	8183	22.0	11	0.0000	360.0000	NaN	NaN	NaN	NaN	NaN	0
35004	59.5833	19.7833	8183	22.0	12	0.0000	360.0000	NaN	NaN	NaN	NaN	NaN	0
35004	59.5833	19.7833	8183	23.0	1	0.0000	360.0000	NaN	NaN	NaN	NaN	NaN	0
35004	59.5833	19.7833	8183	23.0	2	0.0000	360.0000	NaN	NaN	NaN	NaN	NaN	0
35004	59.5833	19.7833	8183	23.0	3	0.0000	360.0000	NaN	NaN	NaN	NaN	NaN	0
35004	59.5833	19.7833	8183	23.0	4	0.0000	360.0000	NaN	NaN	NaN	NaN	NaN	0
35004	59.5833	19.7833	8183	23.0	5	0.0000	360.0000	NaN	NaN	NaN	NaN	NaN	0
35004	59.5833	19.7833	8183	23.0	6	0.0000	360.0000	NaN	NaN	NaN	NaN	NaN	0
35004	59.5833	19.7833	8183	23.0	7	0.0000	360.0000	NaN	NaN	NaN	NaN	NaN	0
35004	59.5833	19.7833	8183	23.0	8	0.0000	360.0000	NaN	NaN	NaN	NaN	NaN	0
35004	59.5833	19.7833	8183	23.0	9	0.0000	360.0000	NaN	NaN	NaN	NaN	NaN	0
35004	59.5833	19.7833	8183	23.0	10	0.0000	360.0000	NaN	NaN	NaN	NaN	NaN	0
35004	59.5833	19.7833	8183	23.0	11	0.0000	360.0000	NaN	NaN	NaN	NaN	NaN	0
35004	59.5833	19.7833	8183	23.0	12	0.0000	360.0000	NaN	NaN	NaN	NaN	NaN	0
35004	59.5833	19.7833	8183	24.0	1	0.0000	360.0000	NaN	NaN	NaN	NaN	NaN	0
35004	59.5833	19.7833	8183	24.0	2	0.0000	360.0000	NaN	NaN	NaN	NaN	NaN	0
35004	59.5833	19.7833	8183	24.0	3	0.0000	360.0000	NaN	NaN	NaN	NaN	NaN	0
35004	59.5833	19.7833	8183	24.0	4	0.0000	360.0000	NaN	NaN	NaN	NaN	NaN	0
35004	59.5833	19.7833	8183	24.0	5	0.0000	360.0000	NaN	NaN	NaN	NaN	NaN	0
35004	59.5833	19.7833	8183	24.0	6	0.0000	360.0000	NaN	NaN	NaN	NaN	NaN	0
35004	59.5833	19.7833	8183	24.0	7	0.0000	360.0000	NaN	NaN	NaN	NaN	NaN	0
35004	59.5833	19.7833	8183	24.0	8	0.0000	360.0000	NaN	NaN	NaN	NaN	NaN	0
35004	59.5833	19.7833	8183	24.0	9	0.0000	360.0000	NaN	NaN	NaN	NaN	NaN	0
35004	59.5833	19.7833	8183	24.0	10	0.0000	360.0000	NaN	NaN	NaN	NaN	NaN	0
35004	59.5833	19.7833	8183	24.0	11	0.0000	360.0000	NaN	NaN	NaN	NaN	NaN	0
35004	59.5833	19.7833	8183	24.0	12	0.0000	360.0000	NaN	NaN	NaN	NaN	NaN	0
35004	59.5833	19.7833	8183	25.0	1	0.0000	360.0000	NaN	NaN	NaN	NaN	NaN	0
35004	59.5833	19.7833	8183	25.0	2	0.0000	360.0000	NaN	NaN	NaN	NaN	NaN	0
35004	59.5833	19.7833	8183	25.0	3	0.0000	360.0000	NaN	NaN	NaN	NaN	NaN	0
35004	59.5833	19.7833	8183	25.0	4	0.0000	360.0000	NaN	NaN	NaN	NaN	NaN	0
35004	59.5833	19.7833	8183	25.0	5	0.0000	360.0000	NaN	NaN	NaN	NaN	NaN	0
35004	59.5833	19.7833	8183	25.0	6	0.0000	360.0000	NaN	NaN	NaN	NaN	NaN	0
35004	59.5833	19.7833	8183	25.0	7	0.0000	360.0000	NaN	NaN	NaN	NaN	NaN	0
35004	59.5833	19.7833	8183	25.0	8	0.0000	360.0000	NaN	NaN	NaN	NaN	NaN	0
35004	59.5833	19.7833	8183	25.0	9	0.0000	360.0000	NaN	NaN	NaN	NaN	NaN	0
35004	59.5833	19.7833	8183	25.0	10	0.0000	360.0000	NaN	NaN	NaN	NaN	NaN	0
35004	59.5833	19.7833	8183	25.0	11	0.0000	360.0000	NaN	NaN	NaN	NaN	NaN	0
35004	59.5833	19.7833	8183	25.0	12	0.0000	360.0000	NaN	NaN	NaN	NaN	NaN	0
35004	59.5833	19.7833	8183	26.0	1	0.0000	360.0000	NaN	NaN	NaN	NaN	NaN	0
35004	59.5833	19.7833	8183	26.0	2	0.0000	360.0000	NaN	NaN	NaN	NaN	NaN	0
35004	59.5833	19.7833	8183	26.0	3	0.0000	360.0000	NaN	NaN	NaN	NaN	NaN	0
35004	59.5833	19.7833	8183	26.0	4	0.0000	360.0000	NaN	NaN	NaN	NaN	NaN	0
35004	59.5833	19.7833	8183	26.0	5	0.0000	360.0000	NaN	NaN	NaN	NaN	NaN	0
35004	59.5833	19.7833	8183	26.0	6	0.0000	360.0000	NaN	NaN	NaN	NaN	NaN	0
35004	59.5833	19.7833	8183	26.0	7	0.0000	360.0000	NaN	NaN	NaN	NaN	NaN	0
35004	59.5833	19.7833	8183	26.0	8	0.0000	360.0000	NaN	NaN	NaN	NaN	NaN	0
35004	59.5833	19.7833	8183	26.0	9	0.0000	360.0000	NaN	NaN	NaN	NaN	NaN	0
35004	59.5833	19.7833	8183	26.0	10	0.0000	360.0000	NaN	NaN	NaN	NaN	NaN	0
35004	59.5833	19.7833	8183	26.0	11	0.0000	360.0000	NaN	NaN	NaN	NaN	NaN	0
35004	59.5833	19.7833	8183	26.0	12	0.0000	360.0000	NaN	NaN	NaN	NaN	NaN	0
35004	59.5833	19.7833	8183	27.0	1	0.0000	360.0000	NaN	NaN	NaN	NaN	NaN	0
35004	59.5833	19.7833	8183	27.0	2	0.0000	360.0000	NaN	NaN	NaN	NaN	NaN	0
35004	59.5833	19.7833	8183	27.0	3	0.0000	360.0000	NaN	NaN	NaN	NaN	NaN	0
35004	59.5833	19.7833	8183	27.0	4	0.0000	360.0000	NaN	NaN	NaN	NaN	NaN	0
35004	59.5833	19.7833	8183	27.0	5	0.0000	360.0000	NaN	NaN	NaN	NaN	NaN	0
35004	59.5833	19.7833	8183	27.0	6	0.0000	360.0000	NaN	NaN	NaN	NaN	NaN	0
35004	59.5833	19.7833	8183	27.0	7	0.0000	360.0000	NaN	NaN	NaN	NaN	NaN	0
35004	59.5833	19.7833	8183	27.0	8	0.0000	360.0000	NaN	NaN	NaN	NaN	NaN	0
35004	59.5833	19.7833	8183	27.0	9	0.0000	360.0000	NaN	NaN	NaN	NaN	NaN	0
35004	59.5833	19.7833	8183	27.0	10	0.0000	360.0000	NaN	NaN	NaN	NaN	NaN	0
35004	59.5833	19.7833	8183	27.0	11	0.0000	360.0000	NaN	NaN	NaN	NaN	NaN	0
35004	59.5833	19.7833	8183	27.0	12	0.0000	360.0000	NaN	NaN	NaN	NaN	NaN	0
35004	59.5833	19.7833	8183	28.0	1	0.0000	360.0000	NaN	NaN	NaN	NaN	NaN	0
35004	59.5833	19.7833	8183	28.0	2	0.0000	360.0000	NaN	NaN	NaN	NaN	NaN	0
35004	59.5833	19.7833	8183	28.0	3	0.0000	360.0000	NaN	NaN	NaN	NaN	NaN	0
35004	59.5833	19.7833	8183	28.0	4	0.0000	360.0000	NaN	NaN	NaN	NaN	NaN	0
35004	59.5833	19.7833	8183	28.0	5	0.0000	360.0000	NaN	NaN	NaN	NaN	NaN	0
35004	59.5833	19.7833	8183	28.0	6	0.0000	360.0000	NaN	NaN	NaN	NaN	NaN	0
35004	59.5833	19.7833	8183	28.0	7	0.0000	360.0000	NaN	NaN	NaN	NaN	NaN	0
35004	59.5833	19.7833	8183	28.0	8	0.0000	360.0000	NaN	NaN	NaN	NaN	NaN	0
35004	59.5833	19.7833	8183	28.0	9	0.0000	360.0000	NaN	NaN	NaN	NaN	NaN	0
35004	59.5833	19.7833	8183	28.0	10	0.0000	360.0000	NaN	NaN	NaN	NaN	NaN	0
35004	59.5833	19.7833	8183	28.0	11	0.0000	360.0000	NaN	NaN	NaN	NaN	NaN	0
35004	59.5833	19.7833	8183	28.0	12	0.0000	360.0000	NaN	NaN	NaN	NaN	NaN	0
35004	59.5833	19.7833	8183	29.0	1	0.0000	360.0000	NaN	NaN	NaN	NaN	NaN	0
35004	59.5833	19.7833	8183	29.0	2	0.0000	360.0000	NaN	NaN	NaN	NaN	NaN	0
35004	59.5833	19.7833	8183	29.0	3	0.0000	360.0000	NaN	NaN	NaN	NaN	NaN	0
35004	59.5833	19.7833	8183	29.0	4	0.0000	360.0000	NaN	NaN	NaN	NaN	NaN	0
35004	59.5833	19.7833	8183	29.0	5	0.0000	360.0000	NaN	NaN	NaN	NaN	NaN	0
35004	59.5833	19.7833	8183	29.0	6	0.0000	360.0000	NaN	NaN	NaN	NaN	NaN	0
35004	59.5833	19.7833	8183	29.0	7	0.0000	360.0000	NaN	NaN	NaN	NaN	NaN	0
35004	59.5833	19.7833	8183	29.0	8	0.0000	360.0000	NaN	NaN	NaN	NaN	NaN	0
35004	59.5833	19.7833	8183	29.0	9	0.0000	360.0000	NaN	NaN	NaN	NaN	NaN	0
35004	59.5833	19.7833	8183	29.0	10	0.0000	360.0000	NaN	NaN	NaN	NaN	NaN	0
35004	59.5833	19.7833	8183	29.0	11	0.0000	360.0000	NaN	NaN	NaN	NaN	NaN	0
35004	59.5833	19.7833	8183	29.0	12	0.0000	360.0000	NaN	NaN	NaN	NaN	NaN	0
35004	59.5833	19.7833	8183	30.0	1	0.0000	360.0000	NaN	NaN	NaN	NaN	NaN	1118
35004	59.5833	19.7833	8183	30.0	2	0.0000	360.0000	NaN	NaN	NaN	NaN	NaN	658
35004	59.5833	19.7833	8183	30.0	3	0.0000	360.0000	NaN	NaN	NaN	NaN	NaN	482
35004	59.5833	19.7833	8183	30.0	4	0.0000	360.0000	NaN	NaN	NaN	NaN	NaN	722
35004	59.5833	19.7833	8183	30.0	5	0.0000	360.0000	NaN	NaN	NaN	NaN	NaN	1203
35004	59.5833	19.7833	8183	30.0	6	0.0000	360.0000	NaN	NaN	NaN	NaN	NaN	1204
35004	59.5833	19.7833	8183	30.0	7	0.0000	360.0000	NaN	NaN	NaN	NaN	NaN	1276
35004	59.5833	19.7833	8183	30.0	8	0.0000	360.0000	NaN	NaN	NaN	NaN	NaN	1287
35004	59.5833	19.7833	8183	30.0	9	0.0000	360.0000	NaN	NaN	NaN	NaN	NaN	1248
35004	59.5833	19.7833	8183	30.0	10	0.0000	360.0000	NaN	NaN	NaN	NaN	NaN	1291
35004	59.5833	19.7833	8183	30.0	11	0.0000	360.0000	NaN	NaN	NaN	NaN	NaN	1094
35004	59.5833	19.7833	8183	30.0	12	0.0000	360.0000	NaN	NaN	NaN	NaN	NaN	1154
35004	59.5833	19.7833	8183	31.0	1	0.0000	360.0000	NaN	NaN	NaN	NaN	NaN	0
35004	59.5833	19.7833	8183	31.0	2	0.0000	360.0000	NaN	NaN	NaN	NaN	NaN	0
35004	59.5833	19.7833	8183	31.0	3	0.0000	360.0000	NaN	NaN	NaN	NaN	NaN	0
35004	59.5833	19.7833	8183	31.0	4	0.0000	360.0000	NaN	NaN	NaN	NaN	NaN	0
35004	59.5833	19.7833	8183	31.0	5	0.0000	360.0000	NaN	NaN	NaN	NaN	NaN	0
35004	59.5833	19.7833	8183	31.0	6	0.0000	360.0000	NaN	NaN	NaN	NaN	NaN	0
35004	59.5833	19.7833	8183	31.0	7	0.0000	360.0000	NaN	NaN	NaN	NaN	NaN	0
35004	59.5833	19.7833	8183	31.0	8	0.0000	360.0000	NaN	NaN	NaN	NaN	NaN	0
35004	59.5833	19.7833	8183	31.0	9	0.0000	360.0000	NaN	NaN	NaN	NaN	NaN	0
35004	59.5833	19.7833	8183	31.0	10	0.0000	360.0000	NaN	NaN	NaN	NaN	NaN	0
35004	59.5833	19.7833	8183	31.0	11	0.0000	360.0000	NaN	NaN	NaN	NaN	NaN	0
35004	59.5833	19.7833	8183	31.0	12	0.0000	360.0000	NaN	NaN	NaN	NaN	NaN	0
35004	59.5833	19.7833	8183	32.0	1	0.0000	360.0000	NaN	NaN	NaN	NaN	NaN	0
35004	59.5833	19.7833	8183	32.0	2	0.0000	360.0000	NaN	NaN	NaN	NaN	NaN	0
35004	59.5833	19.7833	8183	32.0	3	0.0000	360.0000	NaN	NaN	NaN	NaN	NaN	0
35004	59.5833	19.7833	8183	32.0	4	0.0000	360.0000	NaN	NaN	NaN	NaN	NaN	0
35004	59.5833	19.7833	8183	32.0	5	0.0000	360.0000	NaN	NaN	NaN	NaN	NaN	0
35004	59.5833	19.7833	8183	32.0	6	0.0000	360.0000	NaN	NaN	NaN	NaN	NaN	0
35004	59.5833	19.7833	8183	32.0	7	0.0000	360.0000	NaN	NaN	NaN	NaN	NaN	0
35004	59.5833	19.7833	8183	32.0	8	0.0000	360.0000	NaN	NaN	NaN	NaN	NaN	0
35004	59.5833	19.7833	8183	32.0	9	0.0000	360.0000	NaN	NaN	NaN	NaN	NaN	0
35004	59.5833	19.7833	8183	32.0	10	0.0000	360.0000	NaN	NaN	NaN	NaN	NaN	0
35004	59.5833	19.7833	8183	32.0	11	0.0000	360.0000	NaN	NaN	NaN	NaN	NaN	0
35004	59.5833	19.7833	8183	32.0	12	0.0000	360.0000	NaN	NaN	NaN	NaN	NaN	0
35004	59.5833	19.7833	8183	33.0	1	0.0000	360.0000	NaN	NaN	NaN	NaN	NaN	0
35004	59.5833	19.7833	8183	33.0	2	0.0000	360.0000	NaN	NaN	NaN	NaN	NaN	0
35004	59.5833	19.7833	8183	33.0	3	0.0000	360.0000	NaN	NaN	NaN	NaN	NaN	0
35004	59.5833	19.7833	8183	33.0	4	0.0000	360.0000	NaN	NaN	NaN	NaN	NaN	0
35004	59.5833	19.7833	8183	33.0	5	0.0000	360.0000	NaN	NaN	NaN	NaN	NaN	0
35004	59.5833	19.7833	8183	33.0	6	0.0000	360.0000	NaN	NaN	NaN	NaN	NaN	0
35004	59.5833	19.7833	8183	33.0	7	0.0000	360.0000	NaN	NaN	NaN	NaN	NaN	0
35004	59.5833	19.7833	8183	33.0	8	0.0000	360.0000	NaN	NaN	NaN	NaN	NaN	0
35004	59.5833	19.7833	8183	33.0	9	0.0000	360.0000	NaN	NaN	NaN	NaN	NaN	0
35004	59.5833	19.7833	8183	33.0	10	0.0000	360.0000	NaN	NaN	NaN	NaN	NaN	0
35004	59.5833	19.7833	8183	33.0	11	0.0000	360.0000	NaN	NaN	NaN	NaN	NaN	0
35004	59.5833	19.7833	8183	33.0	12	0.0000	360.0000	NaN	NaN	NaN	NaN	NaN	0
35004	59.5833	19.7833	8183	34.0	1	0.0000	360.0000	NaN	NaN	NaN	NaN	NaN	0
35004	59.5833	19.7833	8183	34.0	2	0.0000	360.0000	NaN	NaN	NaN	NaN	NaN	0
35004	59.5833	19.7833	8183	34.0	3	0.0000	360.0000	NaN	NaN	NaN	NaN	NaN	0
35004	59.5833	19.7833	8183	34.0	4	0.0000	360.0000	NaN	NaN	NaN	NaN	NaN	0
35004	59.5833	19.7833	8183	34.0	5	0.0000	360.0000	NaN	NaN	NaN	NaN	NaN	0
35004	59.5833	19.7833	8183	34.0	6	0.0000	360.0000	NaN	NaN	NaN	NaN	NaN	0
35004	59.5833	19.7833	8183	34.0	7	0.0000	360.0000	NaN	NaN	NaN	NaN	NaN	0
35004	59.5833	19.7833	8183	34.0	8	0.0000	360.0000	NaN	NaN	NaN	NaN	NaN	0
35004	59.5833	19.7833	8183	34.0	9	0.0000	360.0000	NaN	NaN	NaN	NaN	NaN	0
35004	59.5833	19.7833	8183	34.0	10	0.0000	360.0000	NaN	NaN	NaN	NaN	NaN	0
35004	59.5833	19.7833	8183	34.0	11	0.0000	360.0000	NaN	NaN	NaN	NaN	NaN	0
35004	59.5833	19.7833	8183	34.0	12	0.0000	360.0000	NaN	NaN	NaN	NaN	NaN	0
35004	59.5833	19.7833	8183	35.0	1	0.0000	360.0000	NaN	NaN	NaN	NaN	NaN	0
35004	59.5833	19.7833	8183	35.0	2	0.0000	360.0000	NaN	NaN	NaN	NaN	NaN	0
35004	59.5833	19.7833	8183	35.0	3	0.0000	360.0000	NaN	NaN	NaN	NaN	NaN	0
35004	59.5833	19.7833	8183	35.0	4	0.0000	360.0000	NaN	NaN	NaN	NaN	NaN	0
35004	59.5833	19.7833	8183	35.0	5	0.0000	360.0000	NaN	NaN	NaN	NaN	NaN	0
35004	59.5833	19.7833	8183	35.0	6	0.0000	360.0000	NaN	NaN	NaN	NaN	NaN	0
35004	59.5833	19.7833	8183	35.0	7	0.0000	360.0000	NaN	NaN	NaN	NaN	NaN	0
35004	59.5833	19.7833	8183	35.0	8	0.0000	360.0000	NaN	NaN	NaN	NaN	NaN	0
35004	59.5833	19.7833	8183	35.0	9	0.0000	360.0000	NaN	NaN	NaN	NaN	NaN	0
35004	59.5833	19.7833	8183	35.0	10	0.0000	360.0000	NaN	NaN	NaN	NaN	NaN	0
35004	59.5833	19.7833	8183	35.0	11	0.0000	360.0000	NaN	NaN	NaN	NaN	NaN	0
35004	59.5833	19.7833	8183	35.0	12	0.0000	360.0000	NaN	NaN	NaN	NaN	NaN	0
35004	59.5833	19.7833	8183	36.0	1	0.0000	360.0000	NaN	NaN	NaN	NaN	NaN	0
35004	59.5833	19.7833	8183	36.0	2	0.0000	360.0000	NaN	NaN	NaN	NaN	NaN	0
35004	59.5833	19.7833	8183	36.0	3	0.0000	360.0000	NaN	NaN	NaN	NaN	NaN	0
35004	59.5833	19.7833	8183	36.0	4	0.0000	360.0000	NaN	NaN	NaN	NaN	NaN	0
35004	59.5833	19.7833	8183	36.0	5	0.0000	360.0000	NaN	NaN	NaN	NaN	NaN	0
35004	59.5833	19.7833	8183	36.0	6	0.0000	360.0000	NaN	NaN	NaN	NaN	NaN	0
35004	59.5833	19.7833	8183	36.0	7	0.0000	360.0000	NaN	NaN	NaN	NaN	NaN	0
35004	59.5833	19.7833	8183	36.0	8	0.0000	360.0000	NaN	NaN	NaN	NaN	NaN	0
35004	59.5833	19.7833	8183	36.0	9	0.0000	360.0000	NaN	NaN	NaN	NaN	NaN	0
35004	59.5833	19.7833	8183	36.0	10	0.0000	360.0000	NaN	NaN	NaN	NaN	NaN	0
35004	59.5833	19.7833	8183	36.0	11	0.0000	360.0000	NaN	NaN	NaN	NaN	NaN	0
35004	59.5833	19.7833	8183	36.0	12	0.0000	360.0000	NaN	NaN	NaN	NaN	NaN	0
35004	59.5833	19.7833	8183	37.0	1	0.0000	360.0000	NaN	NaN	NaN	NaN	NaN	0
35004	59.5833	19.7833	8183	37.0	2	0.0000	360.0000	NaN	NaN	NaN	NaN	NaN	0
35004	59.5833	19.7833	8183	37.0	3	0.0000	360.0000	NaN	NaN	NaN	NaN	NaN	0
35004	59.5833	19.7833	8183	37.0	4	0.0000	360.0000	NaN	NaN	NaN	NaN	NaN	0
35004	59.5833	19.7833	8183	37.0	5	0.0000	360.0000	NaN	NaN	NaN	NaN	NaN	0
35004	59.5833	19.7833	8183	37.0	6	0.0000	360.0000	NaN	NaN	NaN	NaN	NaN	0
35004	59.5833	19.7833	8183	37.0	7	0.0000	360.0000	NaN	NaN	NaN	NaN	NaN	0
35004	59.5833	19.7833	8183	37.0	8	0.0000	360.0000	NaN	NaN	NaN	NaN	NaN	0
35004	59.5833	19.7833	8183	37.0	9	0.0000	360.0000	NaN	NaN	NaN	NaN	NaN	0
35004	59.5833	19.7833	8183	37.0	10	0.0000	360.0000	NaN	NaN	NaN	NaN	NaN	0
35004	59.5833	19.7833	8183	37.0	11	0.0000	360.0000	NaN	NaN	NaN	NaN	NaN	0
35004	59.5833	19.7833	8183	37.0	12	0.0000	360.0000	NaN	NaN	NaN	NaN	NaN	0
35004	59.5833	19.7833	8183	38.0	1	0.0000	360.0000	NaN	NaN	NaN	NaN	NaN	0
35004	59.5833	19.7833	8183	38.0	2	0.0000	360.0000	NaN	NaN	NaN	NaN	NaN	0
35004	59.5833	19.7833	8183	38.0	3	0.0000	360.0000	NaN	NaN	NaN	NaN	NaN	0
35004	59.5833	19.7833	8183	38.0	4	0.0000	360.0000	NaN	NaN	NaN	NaN	NaN	0
35004	59.5833	19.7833	8183	38.0	5	0.0000	360.0000	NaN	NaN	NaN	NaN	NaN	0
35004	59.5833	19.7833	8183	38.0	6	0.0000	360.0000	NaN	NaN	NaN	NaN	NaN	0
35004	59.5833	19.7833	8183	38.0	7	0.0000	360.0000	NaN	NaN	NaN	NaN	NaN	0
35004	59.5833	19.7833	8183	38.0	8	0.0000	360.0000	NaN	NaN	NaN	NaN	NaN	0
35004	59.5833	19.7833	8183	38.0	9	0.0000	360.0000	NaN	NaN	NaN	NaN	NaN	0
35004	59.5833	19.7833	8183	38.0	10	0.0000	360.0000	NaN	NaN	NaN	NaN	NaN	0
35004	59.5833	19.7833	8183	38.0	11	0.0000	360.0000	NaN	NaN	NaN	NaN	NaN	0
35004	59.5833	19.7833	8183	38.0	12	0.0000	360.0000	NaN	NaN	NaN	NaN	NaN	0
35004	59.5833	19.7833	8183	39.0	1	0.0000	360.0000	NaN	NaN	NaN	NaN	NaN	0
35004	59.5833	19.7833	8183	39.0	2	0.0000	360.0000	NaN	NaN	NaN	NaN	NaN	0
35004	59.5833	19.7833	8183	39.0	3	0.0000	360.0000	NaN	NaN	NaN	NaN	NaN	0
35004	59.5833	19.7833	8183	39.0	4	0.0000	360.0000	NaN	NaN	NaN	NaN	NaN	0
35004	59.5833	19.7833	8183	39.0	5	0.0000	360.0000	NaN	NaN	NaN	NaN	NaN	0
35004	59.5833	19.7833	8183	39.0	6	0.0000	360.0000	NaN	NaN	NaN	NaN	NaN	0
35004	59.5833	19.7833	8183	39.0	7	0.0000	360.0000	NaN	NaN	NaN	NaN	NaN	0
35004	59.5833	19.7833	8183	39.0	8	0.0000	360.0000	NaN	NaN	NaN	NaN	NaN	0
35004	59.5833	19.7833	8183	39.0	9	0.0000	360.0000	NaN	NaN	NaN	NaN	NaN	0
35004	59.5833	19.7833	8183	39.0	10	0.0000	360.0000	NaN	NaN	NaN	NaN	NaN	0
35004	59.5833	19.7833	8183	39.0	11	0.0000	360.0000	NaN	NaN	NaN	NaN	NaN	0
35004	59.5833	19.7833	8183	39.0	12	0.0000	360.0000	NaN	NaN	NaN	NaN	NaN	0
35004	59.5833	19.7833	8183	40.0	1	0.0000	360.0000	NaN	NaN	NaN	NaN	NaN	0
35004	59.5833	19.7833	8183	40.0	2	0.0000	360.0000	NaN	NaN	NaN	NaN	NaN	0
35004	59.5833	19.7833	8183	40.0	3	0.0000	360.0000	NaN	NaN	NaN	NaN	NaN	0
35004	59.5833	19.7833	8183	40.0	4	0.0000	360.0000	NaN	NaN	NaN	NaN	NaN	0
35004	59.5833	19.7833	8183	40.0	5	0.0000	360.0000	NaN	NaN	NaN	NaN	NaN	0
35004	59.5833	19.7833	8183	40.0	6	0.0000	360.0000	NaN	NaN	NaN	NaN	NaN	0
35004	59.5833	19.7833	8183	40.0	7	0.0000	360.0000	NaN	NaN	NaN	NaN	NaN	0
35004	59.5833	19.7833	8183	40.0	8	0.0000	360.0000	NaN	NaN	NaN	NaN	NaN	0
35004	59.5833	19.7833	8183	40.0	9	0.0000	360.0000	NaN	NaN	NaN	NaN	NaN	0
35004	59.5833	19.7833	8183	40.0	10	0.0000	360.0000	NaN	NaN	NaN	NaN	NaN	0
35004	59.5833	19.7833	8183	40.0	11	0.0000	360.0000	NaN	NaN	NaN	NaN	NaN	0
35004	59.5833	19.7833	8183	40.0	12	0.0000	360.0000	NaN	NaN	NaN	NaN	NaN	0
35005	58.5833	19.1500	8183	0.0	1	0.0000	360.0000	NaN	NaN	NaN	NaN	NaN	0
35005	58.5833	19.1500	8183	0.0	2	0.0000	360.0000	NaN	NaN	NaN	NaN	NaN	0
35005	58.5833	19.1500	8183	0.0	3	0.0000	360.0000	NaN	NaN	NaN	NaN	NaN	8
35005	58.5833	19.1500	8183	0.0	4	0.0000	360.0000	NaN	NaN	NaN	NaN	NaN	159
35005	58.5833	19.1500	8183	0.0	5	0.0000	360.0000	NaN	NaN	NaN	NaN	NaN	373
35005	58.5833	19.1500	8183	0.0	6	0.0000	360.0000	NaN	NaN	NaN	NaN	NaN	457
35005	58.5833	19.1500	8183	0.0	7	0.0000	360.0000	NaN	NaN	NaN	NaN	NaN	466
35005	58.5833	19.1500	8183	0.0	8	0.0000	360.0000	NaN	NaN	NaN	NaN	NaN	413
35005	58.5833	19.1500	8183	0.0	9	0.0000	360.0000	NaN	NaN	NaN	NaN	NaN	225
35005	58.5833	19.1500	8183	0.0	10	0.0000	360.0000	NaN	NaN	NaN	NaN	NaN	211
35005	58.5833	19.1500	8183	0.0	11	0.0000	360.0000	NaN	NaN	NaN	NaN	NaN	203
35005	58.5833	19.1500	8183	0.0	12	0.0000	360.0000	NaN	NaN	NaN	NaN	NaN	9
35005	58.5833	19.1500	8183	5.0	1	0.0000	360.0000	NaN	NaN	NaN	NaN	NaN	0
35005	58.5833	19.1500	8183	5.0	2	0.0000	360.0000	NaN	NaN	NaN	NaN	NaN	0
35005	58.5833	19.1500	8183	5.0	3	0.0000	360.0000	NaN	NaN	NaN	NaN	NaN	0
35005	58.5833	19.1500	8183	5.0	4	0.0000	360.0000	NaN	NaN	NaN	NaN	NaN	0
35005	58.5833	19.1500	8183	5.0	5	0.0000	360.0000	NaN	NaN	NaN	NaN	NaN	0
35005	58.5833	19.1500	8183	5.0	6	0.0000	360.0000	NaN	NaN	NaN	NaN	NaN	0
35005	58.5833	19.1500	8183	5.0	7	0.0000	360.0000	NaN	NaN	NaN	NaN	NaN	0
35005	58.5833	19.1500	8183	5.0	8	0.0000	360.0000	NaN	NaN	NaN	NaN	NaN	0
35005	58.5833	19.1500	8183	5.0	9	0.0000	360.0000	NaN	NaN	NaN	NaN	NaN	0
35005	58.5833	19.1500	8183	5.0	10	0.0000	360.0000	NaN	NaN	NaN	NaN	NaN	0
35005	58.5833	19.1500	8183	5.0	11	0.0000	360.0000	NaN	NaN	NaN	NaN	NaN	0
35005	58.5833	19.1500	8183	5.0	12	0.0000	360.0000	NaN	NaN	NaN	NaN	NaN	0
35005	58.5833	19.1500	8183	10.0	1	0.0000	360.0000	NaN	NaN	NaN	NaN	NaN	0
35005	58.5833	19.1500	8183	10.0	2	0.0000	360.0000	NaN	NaN	NaN	NaN	NaN	0
35005	58.5833	19.1500	8183	10.0	3	0.0000	360.0000	NaN	NaN	NaN	NaN	NaN	0
35005	58.5833	19.1500	8183	10.0	4	0.0000	360.0000	NaN	NaN	NaN	NaN	NaN	0
35005	58.5833	19.1500	8183	10.0	5	0.0000	360.0000	NaN	NaN	NaN	NaN	NaN	0
35005	58.5833	19.1500	8183	10.0	6	0.0000	360.0000	NaN	NaN	NaN	NaN	NaN	0
35005	58.5833	19.1500	8183	10.0	7	0.0000	360.0000	NaN	NaN	NaN	NaN	NaN	0
35005	58.5833	19.1500	8183	10.0	8	0.0000	360.0000	NaN	NaN	NaN	NaN	NaN	0
35005	58.5833	19.1500	8183	10.0	9	0.0000	360.0000	NaN	NaN	NaN	NaN	NaN	0
35005	58.5833	19.1500	8183	10.0	10	0.0000	360.0000	NaN	NaN	NaN	NaN	NaN	0
35005	58.5833	19.1500	8183	10.0	11	0.0000	360.0000	NaN	NaN	NaN	NaN	NaN	0
35005	58.5833	19.1500	8183	10.0	12	0.0000	360.0000	NaN	NaN	NaN	NaN	NaN	0
35005	58.5833	19.1500	8183	15.0	1	0.0000	360.0000	NaN	NaN	NaN	NaN	NaN	0
35005	58.5833	19.1500	8183	15.0	2	0.0000	360.0000	NaN	NaN	NaN	NaN	NaN	0
35005	58.5833	19.1500	8183	15.0	3	0.0000	360.0000	NaN	NaN	NaN	NaN	NaN	0
35005	58.5833	19.1500	8183	15.0	4	0.0000	360.0000	NaN	NaN	NaN	NaN	NaN	0
35005	58.5833	19.1500	8183	15.0	5	0.0000	360.0000	NaN	NaN	NaN	NaN	NaN	0
35005	58.5833	19.1500	8183	15.0	6	0.0000	360.0000	NaN	NaN	NaN	NaN	NaN	0
35005	58.5833	19.1500	8183	15.0	7	0.0000	360.0000	NaN	NaN	NaN	NaN	NaN	0
35005	58.5833	19.1500	8183	15.0	8	0.0000	360.0000	NaN	NaN	NaN	NaN	NaN	0
35005	58.5833	19.1500	8183	15.0	9	0.0000	360.0000	NaN	NaN	NaN	NaN	NaN	0
35005	58.5833	19.1500	8183	15.0	10	0.0000	360.0000	NaN	NaN	NaN	NaN	NaN	0
35005	58.5833	19.1500	8183	15.0	11	0.0000	360.0000	NaN	NaN	NaN	NaN	NaN	0
35005	58.5833	19.1500	8183	15.0	12	0.0000	360.0000	NaN	NaN	NaN	NaN	NaN	0
35005	58.5833	19.1500	8183	17.0	1	0.0000	360.0000	NaN	NaN	NaN	NaN	NaN	0
35005	58.5833	19.1500	8183	17.0	2	0.0000	360.0000	NaN	NaN	NaN	NaN	NaN	0
35005	58.5833	19.1500	8183	17.0	3	0.0000	360.0000	NaN	NaN	NaN	NaN	NaN	0
35005	58.5833	19.1500	8183	17.0	4	0.0000	360.0000	NaN	NaN	NaN	NaN	NaN	0
35005	58.5833	19.1500	8183	17.0	5	0.0000	360.0000	NaN	NaN	NaN	NaN	NaN	0
35005	58.5833	19.1500	8183	17.0	6	0.0000	360.0000	NaN	NaN	NaN	NaN	NaN	0
35005	58.5833	19.1500	8183	17.0	7	0.0000	360.0000	NaN	NaN	NaN	NaN	NaN	0
35005	58.5833	19.1500	8183	17.0	8	0.0000	360.0000	NaN	NaN	NaN	NaN	NaN	0
35005	58.5833	19.1500	8183	17.0	9	0.0000	360.0000	NaN	NaN	NaN	NaN	NaN	0
35005	58.5833	19.1500	8183	17.0	10	0.0000	360.0000	NaN	NaN	NaN	NaN	NaN	0
35005	58.5833	19.1500	8183	17.0	11	0.0000	360.0000	NaN	NaN	NaN	NaN	NaN	0
35005	58.5833	19.1500	8183	17.0	12	0.0000	360.0000	NaN	NaN	NaN	NaN	NaN	0
35005	58.5833	19.1500	8183	18.0	1	0.0000	360.0000	NaN	NaN	NaN	NaN	NaN	0
35005	58.5833	19.1500	8183	18.0	2	0.0000	360.0000	NaN	NaN	NaN	NaN	NaN	0
35005	58.5833	19.1500	8183	18.0	3	0.0000	360.0000	NaN	NaN	NaN	NaN	NaN	0
35005	58.5833	19.1500	8183	18.0	4	0.0000	360.0000	NaN	NaN	NaN	NaN	NaN	0
35005	58.5833	19.1500	8183	18.0	5	0.0000	360.0000	NaN	NaN	NaN	NaN	NaN	0
35005	58.5833	19.1500	8183	18.0	6	0.0000	360.0000	NaN	NaN	NaN	NaN	NaN	0
35005	58.5833	19.1500	8183	18.0	7	0.0000	360.0000	NaN	NaN	NaN	NaN	NaN	0
35005	58.5833	19.1500	8183	18.0	8	0.0000	360.0000	NaN	NaN	NaN	NaN	NaN	0
35005	58.5833	19.1500	8183	18.0	9	0.0000	360.0000	NaN	NaN	NaN	NaN	NaN	0
35005	58.5833	19.1500	8183	18.0	10	0.0000	360.0000	NaN	NaN	NaN	NaN	NaN	0
35005	58.5833	19.1500	8183	18.0	11	0.0000	360.0000	NaN	NaN	NaN	NaN	NaN	0
35005	58.5833	19.1500	8183	18.0	12	0.0000	360.0000	NaN	NaN	NaN	NaN	NaN	0
35005	58.5833	19.1500	8183	20.0	1	0.0000	360.0000	NaN	NaN	NaN	NaN	NaN	0
35005	58.5833	19.1500	8183	20.0	2	0.0000	360.0000	NaN	NaN	NaN	NaN	NaN	0
35005	58.5833	19.1500	8183	20.0	3	0.0000	360.0000	NaN	NaN	NaN	NaN	NaN	0
35005	58.5833	19.1500	8183	20.0	4	0.0000	360.0000	NaN	NaN	NaN	NaN	NaN	0
35005	58.5833	19.1500	8183	20.0	5	0.0000	360.0000	NaN	NaN	NaN	NaN	NaN	0
35005	58.5833	19.1500	8183	20.0	6	0.0000	360.0000	NaN	NaN	NaN	NaN	NaN	0
35005	58.5833	19.1500	8183	20.0	7	0.0000	360.0000	NaN	NaN	NaN	NaN	NaN	0
35005	58.5833	19.1500	8183	20.0	8	0.0000	360.0000	NaN	NaN	NaN	NaN	NaN	0
35005	58.5833	19.1500	8183	20.0	9	0.0000	360.0000	NaN	NaN	NaN	NaN	NaN	0
35005	58.5833	19.1500	8183	20.0	10	0.0000	360.0000	NaN	NaN	NaN	NaN	NaN	0
35005	58.5833	19.1500	8183	20.0	11	0.0000	360.0000	NaN	NaN	NaN	NaN	NaN	0
35005	58.5833	19.1500	8183	20.0	12	0.0000	360.0000	NaN	NaN	NaN	NaN	NaN	0
35005	58.5833	19.1500	8183	21.0	1	0.0000	360.0000	NaN	NaN	NaN	NaN	NaN	0
35005	58.5833	19.1500	8183	21.0	2	0.0000	360.0000	NaN	NaN	NaN	NaN	NaN	0
35005	58.5833	19.1500	8183	21.0	3	0.0000	360.0000	NaN	NaN	NaN	NaN	NaN	0
35005	58.5833	19.1500	8183	21.0	4	0.0000	360.0000	NaN	NaN	NaN	NaN	NaN	0
35005	58.5833	19.1500	8183	21.0	5	0.0000	360.0000	NaN	NaN	NaN	NaN	NaN	0
35005	58.5833	19.1500	8183	21.0	6	0.0000	360.0000	NaN	NaN	NaN	NaN	NaN	0
35005	58.5833	19.1500	8183	21.0	7	0.0000	360.0000	NaN	NaN	NaN	NaN	NaN	0
35005	58.5833	19.1500	8183	21.0	8	0.0000	360.0000	NaN	NaN	NaN	NaN	NaN	0
35005	58.5833	19.1500	8183	21.0	9	0.0000	360.0000	NaN	NaN	NaN	NaN	NaN	0
35005	58.5833	19.1500	8183	21.0	10	0.0000	360.0000	NaN	NaN	NaN	NaN	NaN	0
35005	58.5833	19.1500	8183	21.0	11	0.0000	360.0000	NaN	NaN	NaN	NaN	NaN	0
35005	58.5833	19.1500	8183	21.0	12	0.0000	360.0000	NaN	NaN	NaN	NaN	NaN	0
35005	58.5833	19.1500	8183	25.0	1	0.0000	360.0000	NaN	NaN	NaN	NaN	NaN	0
35005	58.5833	19.1500	8183	25.0	2	0.0000	360.0000	NaN	NaN	NaN	NaN	NaN	0
35005	58.5833	19.1500	8183	25.0	3	0.0000	360.0000	NaN	NaN	NaN	NaN	NaN	0
35005	58.5833	19.1500	8183	25.0	4	0.0000	360.0000	NaN	NaN	NaN	NaN	NaN	0
35005	58.5833	19.1500	8183	25.0	5	0.0000	360.0000	NaN	NaN	NaN	NaN	NaN	0
35005	58.5833	19.1500	8183	25.0	6	0.0000	360.0000	NaN	NaN	NaN	NaN	NaN	0
35005	58.5833	19.1500	8183	25.0	7	0.0000	360.0000	NaN	NaN	NaN	NaN	NaN	0
35005	58.5833	19.1500	8183	25.0	8	0.0000	360.0000	NaN	NaN	NaN	NaN	NaN	0
35005	58.5833	19.1500	8183	25.0	9	0.0000	360.0000	NaN	NaN	NaN	NaN	NaN	0
35005	58.5833	19.1500	8183	25.0	10	0.0000	360.0000	NaN	NaN	NaN	NaN	NaN	0
35005	58.5833	19.1500	8183	25.0	11	0.0000	360.0000	NaN	NaN	NaN	NaN	NaN	0
35005	58.5833	19.1500	8183	25.0	12	0.0000	360.0000	NaN	NaN	NaN	NaN	NaN	0
35005	58.5833	19.1500	8183	28.0	1	0.0000	360.0000	NaN	NaN	NaN	NaN	NaN	0
35005	58.5833	19.1500	8183	28.0	2	0.0000	360.0000	NaN	NaN	NaN	NaN	NaN	0
35005	58.5833	19.1500	8183	28.0	3	0.0000	360.0000	NaN	NaN	NaN	NaN	NaN	0
35005	58.5833	19.1500	8183	28.0	4	0.0000	360.0000	NaN	NaN	NaN	NaN	NaN	0
35005	58.5833	19.1500	8183	28.0	5	0.0000	360.0000	NaN	NaN	NaN	NaN	NaN	0
35005	58.5833	19.1500	8183	28.0	6	0.0000	360.0000	NaN	NaN	NaN	NaN	NaN	0
35005	58.5833	19.1500	8183	28.0	7	0.0000	360.0000	NaN	NaN	NaN	NaN	NaN	0
35005	58.5833	19.1500	8183	28.0	8	0.0000	360.0000	NaN	NaN	NaN	NaN	NaN	0
35005	58.5833	19.1500	8183	28.0	9	0.0000	360.0000	NaN	NaN	NaN	NaN	NaN	0
35005	58.5833	19.1500	8183	28.0	10	0.0000	360.0000	NaN	NaN	NaN	NaN	NaN	0
35005	58.5833	19.1500	8183	28.0	11	0.0000	360.0000	NaN	NaN	NaN	NaN	NaN	0
35005	58.5833	19.1500	8183	28.0	12	0.0000	360.0000	NaN	NaN	NaN	NaN	NaN	0
35005	58.5833	19.1500	8183	30.0	1	0.0000	360.0000	NaN	NaN	NaN	NaN	NaN	0
35005	58.5833	19.1500	8183	30.0	2	0.0000	360.0000	NaN	NaN	NaN	NaN	NaN	0
35005	58.5833	19.1500	8183	30.0	3	0.0000	360.0000	NaN	NaN	NaN	NaN	NaN	0
35005	58.5833	19.1500	8183	30.0	4	0.0000	360.0000	NaN	NaN	NaN	NaN	NaN	0
35005	58.5833	19.1500	8183	30.0	5	0.0000	360.0000	NaN	NaN	NaN	NaN	NaN	0
35005	58.5833	19.1500	8183	30.0	6	0.0000	360.0000	NaN	NaN	NaN	NaN	NaN	1
35005	58.5833	19.1500	8183	30.0	7	0.0000	360.0000	NaN	NaN	NaN	NaN	NaN	0
35005	58.5833	19.1500	8183	30.0	8	0.0000	360.0000	NaN	NaN	NaN	NaN	NaN	0
35005	58.5833	19.1500	8183	30.0	9	0.0000	360.0000	NaN	NaN	NaN	NaN	NaN	0
35005	58.5833	19.1500	8183	30.0	10	0.0000	360.0000	NaN	NaN	NaN	NaN	NaN	0
35005	58.5833	19.1500	8183	30.0	11	0.0000	360.0000	NaN	NaN	NaN	NaN	NaN	0
35005	58.5833	19.1500	8183	30.0	12	0.0000	360.0000	NaN	NaN	NaN	NaN	NaN	0
35006	58.5500	17.5167	8183	0.0	1	0.0000	360.0000	NaN	NaN	NaN	NaN	NaN	241
35006	58.5500	17.5167	8183	0.0	2	0.0000	360.0000	NaN	NaN	NaN	NaN	NaN	174
35006	58.5500	17.5167	8183	0.0	3	0.0000	360.0000	NaN	NaN	NaN	NaN	NaN	151
35006	58.5500	17.5167	8183	0.0	4	0.0000	360.0000	NaN	NaN	NaN	NaN	NaN	206
35006	58.5500	17.5167	8183	0.0	5	0.0000	360.0000	NaN	NaN	NaN	NaN	NaN	302
35006	58.5500	17.5167	8183	0.0	6	0.0000	360.0000	NaN	NaN	NaN	NaN	NaN	326
35006	58.5500	17.5167	8183	0.0	7	0.0000	360.0000	NaN	NaN	NaN	NaN	NaN	351
35006	58.5500	17.5167	8183	0.0	8	0.0000	360.0000	NaN	NaN	NaN	NaN	NaN	330
35006	58.5500	17.5167	8183	0.0	9	0.0000	360.0000	NaN	NaN	NaN	NaN	NaN	292
35006	58.5500	17.5167	8183	0.0	10	0.0000	360.0000	NaN	NaN	NaN	NaN	NaN	294
35006	58.5500	17.5167	8183	0.0	11	0.0000	360.0000	NaN	NaN	NaN	NaN	NaN	285
35006	58.5500	17.5167	8183	0.0	12	0.0000	360.0000	NaN	NaN	NaN	NaN	NaN	295
35006	58.5500	17.5167	8183	5.0	1	0.0000	360.0000	NaN	NaN	NaN	NaN	NaN	0
35006	58.5500	17.5167	8183	5.0	2	0.0000	360.0000	NaN	NaN	NaN	NaN	NaN	0
35006	58.5500	17.5167	8183	5.0	3	0.0000	360.0000	NaN	NaN	NaN	NaN	NaN	0
35006	58.5500	17.5167	8183	5.0	4	0.0000	360.0000	NaN	NaN	NaN	NaN	NaN	0
35006	58.5500	17.5167	8183	5.0	5	0.0000	360.0000	NaN	NaN	NaN	NaN	NaN	0
35006	58.5500	17.5167	8183	5.0	6	0.0000	360.0000	NaN	NaN	NaN	NaN	NaN	0
35006	58.5500	17.5167	8183	5.0	7	0.0000	360.0000	NaN	NaN	NaN	NaN	NaN	0
35006	58.5500	17.5167	8183	5.0	8	0.0000	360.0000	NaN	NaN	NaN	NaN	NaN	0
35006	58.5500	17.5167	8183	5.0	9	0.0000	360.0000	NaN	NaN	NaN	NaN	NaN	0
35006	58.5500	17.5167	8183	5.0	10	0.0000	360.0000	NaN	NaN	NaN	NaN	NaN	0
35006	58.5500	17.5167	8183	5.0	11	0.0000	360.0000	NaN	NaN	NaN	NaN	NaN	0
35006	58.5500	17.5167	8183	5.0	12	0.0000	360.0000	NaN	NaN	NaN	NaN	NaN	0
35006	58.5500	17.5167	8183	10.0	1	0.0000	360.0000	NaN	NaN	NaN	NaN	NaN	0
35006	58.5500	17.5167	8183	10.0	2	0.0000	360.0000	NaN	NaN	NaN	NaN	NaN	0
35006	58.5500	17.5167	8183	10.0	3	0.0000	360.0000	NaN	NaN	NaN	NaN	NaN	0
35006	58.5500	17.5167	8183	10.0	4	0.0000	360.0000	NaN	NaN	NaN	NaN	NaN	0
35006	58.5500	17.5167	8183	10.0	5	0.0000	360.0000	NaN	NaN	NaN	NaN	NaN	0
35006	58.5500	17.5167	8183	10.0	6	0.0000	360.0000	NaN	NaN	NaN	NaN	NaN	0
35006	58.5500	17.5167	8183	10.0	7	0.0000	360.0000	NaN	NaN	NaN	NaN	NaN	0
35006	58.5500	17.5167	8183	10.0	8	0.0000	360.0000	NaN	NaN	NaN	NaN	NaN	0
35006	58.5500	17.5167	8183	10.0	9	0.0000	360.0000	NaN	NaN	NaN	NaN	NaN	0
35006	58.5500	17.5167	8183	10.0	10	0.0000	360.0000	NaN	NaN	NaN	NaN	NaN	0
35006	58.5500	17.5167	8183	10.0	11	0.0000	360.0000	NaN	NaN	NaN	NaN	NaN	0
35006	58.5500	17.5167	8183	10.0	12	0.0000	360.0000	NaN	NaN	NaN	NaN	NaN	0
35006	58.5500	17.5167	8183	15.0	1	0.0000	360.0000	NaN	NaN	NaN	NaN	NaN	0
35006	58.5500	17.5167	8183	15.0	2	0.0000	360.0000	NaN	NaN	NaN	NaN	NaN	0
35006	58.5500	17.5167	8183	15.0	3	0.0000	360.0000	NaN	NaN	NaN	NaN	NaN	0
35006	58.5500	17.5167	8183	15.0	4	0.0000	360.0000	NaN	NaN	NaN	NaN	NaN	0
35006	58.5500	17.5167	8183	15.0	5	0.0000	360.0000	NaN	NaN	NaN	NaN	NaN	0
35006	58.5500	17.5167	8183	15.0	6	0.0000	360.0000	NaN	NaN	NaN	NaN	NaN	0
35006	58.5500	17.5167	8183	15.0	7	0.0000	360.0000	NaN	NaN	NaN	NaN	NaN	0
35006	58.5500	17.5167	8183	15.0	8	0.0000	360.0000	NaN	NaN	NaN	NaN	NaN	0
35006	58.5500	17.5167	8183	15.0	9	0.0000	360.0000	NaN	NaN	NaN	NaN	NaN	0
35006	58.5500	17.5167	8183	15.0	10	0.0000	360.0000	NaN	NaN	NaN	NaN	NaN	0
35006	58.5500	17.5167	8183	15.0	11	0.0000	360.0000	NaN	NaN	NaN	NaN	NaN	0
35006	58.5500	17.5167	8183	15.0	12	0.0000	360.0000	NaN	NaN	NaN	NaN	NaN	0
35006	58.5500	17.5167	8183	20.0	1	0.0000	360.0000	NaN	NaN	NaN	NaN	NaN	0
35006	58.5500	17.5167	8183	20.0	2	0.0000	360.0000	NaN	NaN	NaN	NaN	NaN	0
35006	58.5500	17.5167	8183	20.0	3	0.0000	360.0000	NaN	NaN	NaN	NaN	NaN	0
35006	58.5500	17.5167	8183	20.0	4	0.0000	360.0000	NaN	NaN	NaN	NaN	NaN	0
35006	58.5500	17.5167	8183	20.0	5	0.0000	360.0000	NaN	NaN	NaN	NaN	NaN	0
35006	58.5500	17.5167	8183	20.0	6	0.0000	360.0000	NaN	NaN	NaN	NaN	NaN	0
35006	58.5500	17.5167	8183	20.0	7	0.0000	360.0000	NaN	NaN	NaN	NaN	NaN	0
35006	58.5500	17.5167	8183	20.0	8	0.0000	360.0000	NaN	NaN	NaN	NaN	NaN	0
35006	58.5500	17.5167	8183	20.0	9	0.0000	360.0000	NaN	NaN	NaN	NaN	NaN	0
35006	58.5500	17.5167	8183	20.0	10	0.0000	360.0000	NaN	NaN	NaN	NaN	NaN	0
35006	58.5500	17.5167	8183	20.0	11	0.0000	360.0000	NaN	NaN	NaN	NaN	NaN	0
35006	58.5500	17.5167	8183	20.0	12	0.0000	360.0000	NaN	NaN	NaN	NaN	NaN	0
35006	58.5500	17.5167	8183	30.0	1	0.0000	360.0000	NaN	NaN	NaN	NaN	NaN	209
35006	58.5500	17.5167	8183	30.0	2	0.0000	360.0000	NaN	NaN	NaN	NaN	NaN	144
35006	58.5500	17.5167	8183	30.0	3	0.0000	360.0000	NaN	NaN	NaN	NaN	NaN	115
35006	58.5500	17.5167	8183	30.0	4	0.0000	360.0000	NaN	NaN	NaN	NaN	NaN	173
35006	58.5500	17.5167	8183	30.0	5	0.0000	360.0000	NaN	NaN	NaN	NaN	NaN	259
35006	58.5500	17.5167	8183	30.0	6	0.0000	360.0000	NaN	NaN	NaN	NaN	NaN	268
35006	58.5500	17.5167	8183	30.0	7	0.0000	360.0000	NaN	NaN	NaN	NaN	NaN	310
35006	58.5500	17.5167	8183	30.0	8	0.0000	360.0000	NaN	NaN	NaN	NaN	NaN	297
35006	58.5500	17.5167	8183	30.0	9	0.0000	360.0000	NaN	NaN	NaN	NaN	NaN	266
35006	58.5500	17.5167	8183	30.0	10	0.0000	360.0000	NaN	NaN	NaN	NaN	NaN	286
35006	58.5500	17.5167	8183	30.0	11	0.0000	360.0000	NaN	NaN	NaN	NaN	NaN	273
35006	58.5500	17.5167	8183	30.0	12	0.0000	360.0000	NaN	NaN	NaN	NaN	NaN	258
35006	58.5500	17.5167	8183	40.0	1	0.0000	360.0000	NaN	NaN	NaN	NaN	NaN	0
35006	58.5500	17.5167	8183	40.0	2	0.0000	360.0000	NaN	NaN	NaN	NaN	NaN	0
35006	58.5500	17.5167	8183	40.0	3	0.0000	360.0000	NaN	NaN	NaN	NaN	NaN	0
35006	58.5500	17.5167	8183	40.0	4	0.0000	360.0000	NaN	NaN	NaN	NaN	NaN	0
35006	58.5500	17.5167	8183	40.0	5	0.0000	360.0000	NaN	NaN	NaN	NaN	NaN	0
35006	58.5500	17.5167	8183	40.0	6	0.0000	360.0000	NaN	NaN	NaN	NaN	NaN	0
35006	58.5500	17.5167	8183	40.0	7	0.0000	360.0000	NaN	NaN	NaN	NaN	NaN	0
35006	58.5500	17.5167	8183	40.0	8	0.0000	360.0000	NaN	NaN	NaN	NaN	NaN	0
35006	58.5500	17.5167	8183	40.0	9	0.0000	360.0000	NaN	NaN	NaN	NaN	NaN	0
35006	58.5500	17.5167	8183	40.0	10	0.0000	360.0000	NaN	NaN	NaN	NaN	NaN	0
35006	58.5500	17.5167	8183	40.0	11	0.0000	360.0000	NaN	NaN	NaN	NaN	NaN	0
35006	58.5500	17.5167	8183	40.0	12	0.0000	360.0000	NaN	NaN	NaN	NaN	NaN	0
35008	56.1167	16.5667	8183	0.0	1	0.0000	360.0000	NaN	NaN	NaN	NaN	NaN	489
35008	56.1167	16.5667	8183	0.0	2	0.0000	360.0000	NaN	NaN	NaN	NaN	NaN	433
35008	56.1167	16.5667	8183	0.0	3	0.0000	360.0000	NaN	NaN	NaN	NaN	NaN	369
35008	56.1167	16.5667	8183	0.0	4	0.0000	360.0000	NaN	NaN	NaN	NaN	NaN	366
35008	56.1167	16.5667	8183	0.0	5	0.0000	360.0000	NaN	NaN	NaN	NaN	NaN	394
35008	56.1167	16.5667	8183	0.0	6	0.0000	360.0000	NaN	NaN	NaN	NaN	NaN	438
35008	56.1167	16.5667	8183	0.0	7	0.0000	360.0000	NaN	NaN	NaN	NaN	NaN	476
35008	56.1167	16.5667	8183	0.0	8	0.0000	360.0000	NaN	NaN	NaN	NaN	NaN	549
35008	56.1167	16.5667	8183	0.0	9	0.0000	360.0000	NaN	NaN	NaN	NaN	NaN	504
35008	56.1167	16.5667	8183	0.0	10	0.0000	360.0000	NaN	NaN	NaN	NaN	NaN	512
35008	56.1167	16.5667	8183	0.0	11	0.0000	360.0000	NaN	NaN	NaN	NaN	NaN	483
35008	56.1167	16.5667	8183	0.0	12	0.0000	360.0000	NaN	NaN	NaN	NaN	NaN	507
35008	56.1167	16.5667	8183	5.0	1	0.0000	360.0000	NaN	NaN	NaN	NaN	NaN	0
35008	56.1167	16.5667	8183	5.0	2	0.0000	360.0000	NaN	NaN	NaN	NaN	NaN	0
35008	56.1167	16.5667	8183	5.0	3	0.0000	360.0000	NaN	NaN	NaN	NaN	NaN	0
35008	56.1167	16.5667	8183	5.0	4	0.0000	360.0000	NaN	NaN	NaN	NaN	NaN	0
35008	56.1167	16.5667	8183	5.0	5	0.0000	360.0000	NaN	NaN	NaN	NaN	NaN	0
35008	56.1167	16.5667	8183	5.0	6	0.0000	360.0000	NaN	NaN	NaN	NaN	NaN	0
35008	56.1167	16.5667	8183	5.0	7	0.0000	360.0000	NaN	NaN	NaN	NaN	NaN	0
35008	56.1167	16.5667	8183	5.0	8	0.0000	360.0000	NaN	NaN	NaN	NaN	NaN	0
35008	56.1167	16.5667	8183	5.0	9	0.0000	360.0000	NaN	NaN	NaN	NaN	NaN	0
35008	56.1167	16.5667	8183	5.0	10	0.0000	360.0000	NaN	NaN	NaN	NaN	NaN	0
35008	56.1167	16.5667	8183	5.0	11	0.0000	360.0000	NaN	NaN	NaN	NaN	NaN	0
35008	56.1167	16.5667	8183	5.0	12	0.0000	360.0000	NaN	NaN	NaN	NaN	NaN	0
35008	56.1167	16.5667	8183	10.0	1	0.0000	360.0000	NaN	NaN	NaN	NaN	NaN	0
35008	56.1167	16.5667	8183	10.0	2	0.0000	360.0000	NaN	NaN	NaN	NaN	NaN	0
35008	56.1167	16.5667	8183	10.0	3	0.0000	360.0000	NaN	NaN	NaN	NaN	NaN	0
35008	56.1167	16.5667	8183	10.0	4	0.0000	360.0000	NaN	NaN	NaN	NaN	NaN	0
35008	56.1167	16.5667	8183	10.0	5	0.0000	360.0000	NaN	NaN	NaN	NaN	NaN	0
35008	56.1167	16.5667	8183	10.0	6	0.0000	360.0000	NaN	NaN	NaN	NaN	NaN	0
35008	56.1167	16.5667	8183	10.0	7	0.0000	360.0000	NaN	NaN	NaN	NaN	NaN	0
35008	56.1167	16.5667	8183	10.0	8	0.0000	360.0000	NaN	NaN	NaN	NaN	NaN	0
35008	56.1167	16.5667	8183	10.0	9	0.0000	360.0000	NaN	NaN	NaN	NaN	NaN	0
35008	56.1167	16.5667	8183	10.0	10	0.0000	360.0000	NaN	NaN	NaN	NaN	NaN	0
35008	56.1167	16.5667	8183	10.0	11	0.0000	360.0000	NaN	NaN	NaN	NaN	NaN	0
35008	56.1167	16.5667	8183	10.0	12	0.0000	360.0000	NaN	NaN	NaN	NaN	NaN	0
35008	56.1167	16.5667	8183	15.0	1	0.0000	360.0000	NaN	NaN	NaN	NaN	NaN	0
35008	56.1167	16.5667	8183	15.0	2	0.0000	360.0000	NaN	NaN	NaN	NaN	NaN	0
35008	56.1167	16.5667	8183	15.0	3	0.0000	360.0000	NaN	NaN	NaN	NaN	NaN	0
35008	56.1167	16.5667	8183	15.0	4	0.0000	360.0000	NaN	NaN	NaN	NaN	NaN	0
35008	56.1167	16.5667	8183	15.0	5	0.0000	360.0000	NaN	NaN	NaN	NaN	NaN	0
35008	56.1167	16.5667	8183	15.0	6	0.0000	360.0000	NaN	NaN	NaN	NaN	NaN	0
35008	56.1167	16.5667	8183	15.0	7	0.0000	360.0000	NaN	NaN	NaN	NaN	NaN	0
35008	56.1167	16.5667	8183	15.0	8	0.0000	360.0000	NaN	NaN	NaN	NaN	NaN	0
35008	56.1167	16.5667	8183	15.0	9	0.0000	360.0000	NaN	NaN	NaN	NaN	NaN	0
35008	56.1167	16.5667	8183	15.0	10	0.0000	360.0000	NaN	NaN	NaN	NaN	NaN	0
35008	56.1167	16.5667	8183	15.0	11	0.0000	360.0000	NaN	NaN	NaN	NaN	NaN	0
35008	56.1167	16.5667	8183	15.0	12	0.0000	360.0000	NaN	NaN	NaN	NaN	NaN	0
35008	56.1167	16.5667	8183	20.0	1	0.0000	360.0000	NaN	NaN	NaN	NaN	NaN	0
35008	56.1167	16.5667	8183	20.0	2	0.0000	360.0000	NaN	NaN	NaN	NaN	NaN	0
35008	56.1167	16.5667	8183	20.0	3	0.0000	360.0000	NaN	NaN	NaN	NaN	NaN	0
35008	56.1167	16.5667	8183	20.0	4	0.0000	360.0000	NaN	NaN	NaN	NaN	NaN	0
35008	56.1167	16.5667	8183	20.0	5	0.0000	360.0000	NaN	NaN	NaN	NaN	NaN	0
35008	56.1167	16.5667	8183	20.0	6	0.0000	360.0000	NaN	NaN	NaN	NaN	NaN	0
35008	56.1167	16.5667	8183	20.0	7	0.0000	360.0000	NaN	NaN	NaN	NaN	NaN	0
35008	56.1167	16.5667	8183	20.0	8	0.0000	360.0000	NaN	NaN	NaN	NaN	NaN	0
35008	56.1167	16.5667	8183	20.0	9	0.0000	360.0000	NaN	NaN	NaN	NaN	NaN	0
35008	56.1167	16.5667	8183	20.0	10	0.0000	360.0000	NaN	NaN	NaN	NaN	NaN	0
35008	56.1167	16.5667	8183	20.0	11	0.0000	360.0000	NaN	NaN	NaN	NaN	NaN	0
35008	56.1167	16.5667	8183	20.0	12	0.0000	360.0000	NaN	NaN	NaN	NaN	NaN	0
35008	56.1167	16.5667	8183	30.0	1	0.0000	360.0000	NaN	NaN	NaN	NaN	NaN	499
35008	56.1167	16.5667	8183	30.0	2	0.0000	360.0000	NaN	NaN	NaN	NaN	NaN	422
35008	56.1167	16.5667	8183	30.0	3	0.0000	360.0000	NaN	NaN	NaN	NaN	NaN	368
35008	56.1167	16.5667	8183	30.0	4	0.0000	360.0000	NaN	NaN	NaN	NaN	NaN	390
35008	56.1167	16.5667	8183	30.0	5	0.0000	360.0000	NaN	NaN	NaN	NaN	NaN	394
35008	56.1167	16.5667	8183	30.0	6	0.0000	360.0000	NaN	NaN	NaN	NaN	NaN	423
35008	56.1167	16.5667	8183	30.0	7	0.0000	360.0000	NaN	NaN	NaN	NaN	NaN	445
35008	56.1167	16.5667	8183	30.0	8	0.0000	360.0000	NaN	NaN	NaN	NaN	NaN	498
35008	56.1167	16.5667	8183	30.0	9	0.0000	360.0000	NaN	NaN	NaN	NaN	NaN	497
35008	56.1167	16.5667	8183	30.0	10	0.0000	360.0000	NaN	NaN	NaN	NaN	NaN	518
35008	56.1167	16.5667	8183	30.0	11	0.0000	360.0000	NaN	NaN	NaN	NaN	NaN	489
35008	56.1167	16.5667	8183	30.0	12	0.0000	360.0000	NaN	NaN	NaN	NaN	NaN	506
35008	56.1167	16.5667	8183	45.0	1	0.0000	360.0000	NaN	NaN	NaN	NaN	NaN	0
35008	56.1167	16.5667	8183	45.0	2	0.0000	360.0000	NaN	NaN	NaN	NaN	NaN	0
35008	56.1167	16.5667	8183	45.0	3	0.0000	360.0000	NaN	NaN	NaN	NaN	NaN	0
35008	56.1167	16.5667	8183	45.0	4	0.0000	360.0000	NaN	NaN	NaN	NaN	NaN	0
35008	56.1167	16.5667	8183	45.0	5	0.0000	360.0000	NaN	NaN	NaN	NaN	NaN	0
35008	56.1167	16.5667	8183	45.0	6	0.0000	360.0000	NaN	NaN	NaN	NaN	NaN	0
35008	56.1167	16.5667	8183	45.0	7	0.0000	360.0000	NaN	NaN	NaN	NaN	NaN	0
35008	56.1167	16.5667	8183	45.0	8	0.0000	360.0000	NaN	NaN	NaN	NaN	NaN	0
35008	56.1167	16.5667	8183	45.0	9	0.0000	360.0000	NaN	NaN	NaN	NaN	NaN	0
35008	56.1167	16.5667	8183	45.0	10	0.0000	360.0000	NaN	NaN	NaN	NaN	NaN	0
35008	56.1167	16.5667	8183	45.0	11	0.0000	360.0000	NaN	NaN	NaN	NaN	NaN	0
35008	56.1167	16.5667	8183	45.0	12	0.0000	360.0000	NaN	NaN	NaN	NaN	NaN	0
35010	55.3000	12.7833	8183	0.0	1	0.0000	360.0000	NaN	NaN	NaN	NaN	NaN	3361
35010	55.3000	12.7833	8183	0.0	2	0.0000	360.0000	NaN	NaN	NaN	NaN	NaN	2660
35010	55.3000	12.7833	8183	0.0	3	0.0000	360.0000	NaN	NaN	NaN	NaN	NaN	2935
35010	55.3000	12.7833	8183	0.0	4	0.0000	360.0000	NaN	NaN	NaN	NaN	NaN	3146
35010	55.3000	12.7833	8183	0.0	5	0.0000	360.0000	NaN	NaN	NaN	NaN	NaN	3260
35010	55.3000	12.7833	8183	0.0	6	0.0000	360.0000	NaN	NaN	NaN	NaN	NaN	3280
35010	55.3000	12.7833	8183	0.0	7	0.0000	360.0000	NaN	NaN	NaN	NaN	NaN	3578
35010	55.3000	12.7833	8183	0.0	8	0.0000	360.0000	NaN	NaN	NaN	NaN	NaN	3741
35010	55.3000	12.7833	8183	0.0	9	0.0000	360.0000	NaN	NaN	NaN	NaN	NaN	3577
35010	55.3000	12.7833	8183	0.0	10	0.0000	360.0000	NaN	NaN	NaN	NaN	NaN	3793
35010	55.3000	12.7833	8183	0.0	11	0.0000	360.0000	NaN	NaN	NaN	NaN	NaN	3750
35010	55.3000	12.7833	8183	0.0	12	0.0000	360.0000	NaN	NaN	NaN	NaN	NaN	3791
35010	55.3000	12.7833	8183	2.0	1	0.0000	360.0000	NaN	NaN	NaN	NaN	NaN	808
35010	55.3000	12.7833	8183	2.0	2	0.0000	360.0000	NaN	NaN	NaN	NaN	NaN	649
35010	55.3000	12.7833	8183	2.0	3	0.0000	360.0000	NaN	NaN	NaN	NaN	NaN	736
35010	55.3000	12.7833	8183	2.0	4	0.0000	360.0000	NaN	NaN	NaN	NaN	NaN	723
35010	55.3000	12.7833	8183	2.0	5	0.0000	360.0000	NaN	NaN	NaN	NaN	NaN	778
35010	55.3000	12.7833	8183	2.0	6	0.0000	360.0000	NaN	NaN	NaN	NaN	NaN	794
35010	55.3000	12.7833	8183	2.0	7	0.0000	360.0000	NaN	NaN	NaN	NaN	NaN	764
35010	55.3000	12.7833	8183	2.0	8	0.0000	360.0000	NaN	NaN	NaN	NaN	NaN	896
35010	55.3000	12.7833	8183	2.0	9	0.0000	360.0000	NaN	NaN	NaN	NaN	NaN	869
35010	55.3000	12.7833	8183	2.0	10	0.0000	360.0000	NaN	NaN	NaN	NaN	NaN	867
35010	55.3000	12.7833	8183	2.0	11	0.0000	360.0000	NaN	NaN	NaN	NaN	NaN	831
35010	55.3000	12.7833	8183	2.0	12	0.0000	360.0000	NaN	NaN	NaN	NaN	NaN	879
35010	55.3000	12.7833	8183	5.0	1	0.0000	360.0000	NaN	NaN	NaN	NaN	NaN	445
35010	55.3000	12.7833	8183	5.0	2	0.0000	360.0000	NaN	NaN	NaN	NaN	NaN	346
35010	55.3000	12.7833	8183	5.0	3	0.0000	360.0000	NaN	NaN	NaN	NaN	NaN	403
35010	55.3000	12.7833	8183	5.0	4	0.0000	360.0000	NaN	NaN	NaN	NaN	NaN	418
35010	55.3000	12.7833	8183	5.0	5	0.0000	360.0000	NaN	NaN	NaN	NaN	NaN	445
35010	55.3000	12.7833	8183	5.0	6	0.0000	360.0000	NaN	NaN	NaN	NaN	NaN	467
35010	55.3000	12.7833	8183	5.0	7	0.0000	360.0000	NaN	NaN	NaN	NaN	NaN	549
35010	55.3000	12.7833	8183	5.0	8	0.0000	360.0000	NaN	NaN	NaN	NaN	NaN	561
35010	55.3000	12.7833	8183	5.0	9	0.0000	360.0000	NaN	NaN	NaN	NaN	NaN	532
35010	55.3000	12.7833	8183	5.0	10	0.0000	360.0000	NaN	NaN	NaN	NaN	NaN	508
35010	55.3000	12.7833	8183	5.0	11	0.0000	360.0000	NaN	NaN	NaN	NaN	NaN	492
35010	55.3000	12.7833	8183	5.0	12	0.0000	360.0000	NaN	NaN	NaN	NaN	NaN	468
35010	55.3000	12.7833	8183	10.0	1	0.0000	360.0000	NaN	NaN	NaN	NaN	NaN	1495
35010	55.3000	12.7833	8183	10.0	2	0.0000	360.0000	NaN	NaN	NaN	NaN	NaN	1160
35010	55.3000	12.7833	8183	10.0	3	0.0000	360.0000	NaN	NaN	NaN	NaN	NaN	1126
35010	55.3000	12.7833	8183	10.0	4	0.0000	360.0000	NaN	NaN	NaN	NaN	NaN	1196
35010	55.3000	12.7833	8183	10.0	5	0.0000	360.0000	NaN	NaN	NaN	NaN	NaN	1204
35010	55.3000	12.7833	8183	10.0	6	0.0000	360.0000	NaN	NaN	NaN	NaN	NaN	1155
35010	55.3000	12.7833	8183	10.0	7	0.0000	360.0000	NaN	NaN	NaN	NaN	NaN	1378
35010	55.3000	12.7833	8183	10.0	8	0.0000	360.0000	NaN	NaN	NaN	NaN	NaN	1421
35010	55.3000	12.7833	8183	10.0	9	0.0000	360.0000	NaN	NaN	NaN	NaN	NaN	1395
35010	55.3000	12.7833	8183	10.0	10	0.0000	360.0000	NaN	NaN	NaN	NaN	NaN	1492
35010	55.3000	12.7833	8183	10.0	11	0.0000	360.0000	NaN	NaN	NaN	NaN	NaN	1537
35010	55.3000	12.7833	8183	10.0	12	0.0000	360.0000	NaN	NaN	NaN	NaN	NaN	1539
35011	55.5833	12.8500	8183	0.0	1	0.0000	360.0000	NaN	NaN	NaN	NaN	NaN	2734
35011	55.5833	12.8500	8183	0.0	2	0.0000	360.0000	NaN	NaN	NaN	NaN	NaN	2062
35011	55.5833	12.8500	8183	0.0	3	0.0000	360.0000	NaN	NaN	NaN	NaN	NaN	2404
35011	55.5833	12.8500	8183	0.0	4	0.0000	360.0000	NaN	NaN	NaN	NaN	NaN	2793
35011	55.5833	12.8500	8183	0.0	5	0.0000	360.0000	NaN	NaN	NaN	NaN	NaN	2868
35011	55.5833	12.8500	8183	0.0	6	0.0000	360.0000	NaN	NaN	NaN	NaN	NaN	2783
35011	55.5833	12.8500	8183	0.0	7	0.0000	360.0000	NaN	NaN	NaN	NaN	NaN	2922
35011	55.5833	12.8500	8183	0.0	8	0.0000	360.0000	NaN	NaN	NaN	NaN	NaN	2916
35011	55.5833	12.8500	8183	0.0	9	0.0000	360.0000	NaN	NaN	NaN	NaN	NaN	2871
35011	55.5833	12.8500	8183	0.0	10	0.0000	360.0000	NaN	NaN	NaN	NaN	NaN	3031
35011	55.5833	12.8500	8183	0.0	11	0.0000	360.0000	NaN	NaN	NaN	NaN	NaN	2946
35011	55.5833	12.8500	8183	0.0	12	0.0000	360.0000	NaN	NaN	NaN	NaN	NaN	2960
35011	55.5833	12.8500	8183	2.0	1	0.0000	360.0000	NaN	NaN	NaN	NaN	NaN	144
35011	55.5833	12.8500	8183	2.0	2	0.0000	360.0000	NaN	NaN	NaN	NaN	NaN	104
35011	55.5833	12.8500	8183	2.0	3	0.0000	360.0000	NaN	NaN	NaN	NaN	NaN	137
35011	55.5833	12.8500	8183	2.0	4	0.0000	360.0000	NaN	NaN	NaN	NaN	NaN	141
35011	55.5833	12.8500	8183	2.0	5	0.0000	360.0000	NaN	NaN	NaN	NaN	NaN	139
35011	55.5833	12.8500	8183	2.0	6	0.0000	360.0000	NaN	NaN	NaN	NaN	NaN	137
35011	55.5833	12.8500	8183	2.0	7	0.0000	360.0000	NaN	NaN	NaN	NaN	NaN	147
35011	55.5833	12.8500	8183	2.0	8	0.0000	360.0000	NaN	NaN	NaN	NaN	NaN	196
35011	55.5833	12.8500	8183	2.0	9	0.0000	360.0000	NaN	NaN	NaN	NaN	NaN	192
35011	55.5833	12.8500	8183	2.0	10	0.0000	360.0000	NaN	NaN	NaN	NaN	NaN	188
35011	55.5833	12.8500	8183	2.0	11	0.0000	360.0000	NaN	NaN	NaN	NaN	NaN	175
35011	55.5833	12.8500	8183	2.0	12	0.0000	360.0000	NaN	NaN	NaN	NaN	NaN	175
35011	55.5833	12.8500	8183	5.0	1	0.0000	360.0000	NaN	NaN	NaN	NaN	NaN	141
35011	55.5833	12.8500	8183	5.0	2	0.0000	360.0000	NaN	NaN	NaN	NaN	NaN	103
35011	55.5833	12.8500	8183	5.0	3	0.0000	360.0000	NaN	NaN	NaN	NaN	NaN	138
35011	55.5833	12.8500	8183	5.0	4	0.0000	360.0000	NaN	NaN	NaN	NaN	NaN	140
35011	55.5833	12.8500	8183	5.0	5	0.0000	360.0000	NaN	NaN	NaN	NaN	NaN	135
35011	55.5833	12.8500	8183	5.0	6	0.0000	360.0000	NaN	NaN	NaN	NaN	NaN	137
35011	55.5833	12.8500	8183	5.0	7	0.0000	360.0000	NaN	NaN	NaN	NaN	NaN	146
35011	55.5833	12.8500	8183	5.0	8	0.0000	360.0000	NaN	NaN	NaN	NaN	NaN	194
35011	55.5833	12.8500	8183	5.0	9	0.0000	360.0000	NaN	NaN	NaN	NaN	NaN	192
35011	55.5833	12.8500	8183	5.0	10	0.0000	360.0000	NaN	NaN	NaN	NaN	NaN	186
35011	55.5833	12.8500	8183	5.0	11	0.0000	360.0000	NaN	NaN	NaN	NaN	NaN	175
35011	55.5833	12.8500	8183	5.0	12	0.0000	360.0000	NaN	NaN	NaN	NaN	NaN	175
35011	55.5833	12.8500	8183	8.0	1	0.0000	360.0000	NaN	NaN	NaN	NaN	NaN	1115
35011	55.5833	12.8500	8183	8.0	2	0.0000	360.0000	NaN	NaN	NaN	NaN	NaN	875
35011	55.5833	12.8500	8183	8.0	3	0.0000	360.0000	NaN	NaN	NaN	NaN	NaN	990
35011	55.5833	12.8500	8183	8.0	4	0.0000	360.0000	NaN	NaN	NaN	NaN	NaN	1144
35011	55.5833	12.8500	8183	8.0	5	0.0000	360.0000	NaN	NaN	NaN	NaN	NaN	1172
35011	55.5833	12.8500	8183	8.0	6	0.0000	360.0000	NaN	NaN	NaN	NaN	NaN	1112
35011	55.5833	12.8500	8183	8.0	7	0.0000	360.0000	NaN	NaN	NaN	NaN	NaN	1223
35011	55.5833	12.8500	8183	8.0	8	0.0000	360.0000	NaN	NaN	NaN	NaN	NaN	1222
35011	55.5833	12.8500	8183	8.0	9	0.0000	360.0000	NaN	NaN	NaN	NaN	NaN	1238
35011	55.5833	12.8500	8183	8.0	10	0.0000	360.0000	NaN	NaN	NaN	NaN	NaN	1304
35011	55.5833	12.8500	8183	8.0	11	0.0000	360.0000	NaN	NaN	NaN	NaN	NaN	1289
35011	55.5833	12.8500	8183	8.0	12	0.0000	360.0000	NaN	NaN	NaN	NaN	NaN	1237
35011	55.5833	12.8500	8183	10.0	1	0.0000	360.0000	NaN	NaN	NaN	NaN	NaN	0
35011	55.5833	12.8500	8183	10.0	2	0.0000	360.0000	NaN	NaN	NaN	NaN	NaN	0
35011	55.5833	12.8500	8183	10.0	3	0.0000	360.0000	NaN	NaN	NaN	NaN	NaN	0
35011	55.5833	12.8500	8183	10.0	4	0.0000	360.0000	NaN	NaN	NaN	NaN	NaN	0
35011	55.5833	12.8500	8183	10.0	5	0.0000	360.0000	NaN	NaN	NaN	NaN	NaN	0
35011	55.5833	12.8500	8183	10.0	6	0.0000	360.0000	NaN	NaN	NaN	NaN	NaN	0
35011	55.5833	12.8500	8183	10.0	7	0.0000	360.0000	NaN	NaN	NaN	NaN	NaN	0
35011	55.5833	12.8500	8183	10.0	8	0.0000	360.0000	NaN	NaN	NaN	NaN	NaN	0
35011	55.5833	12.8500	8183	10.0	9	0.0000	360.0000	NaN	NaN	NaN	NaN	NaN	0
35011	55.5833	12.8500	8183	10.0	10	0.0000	360.0000	NaN	NaN	NaN	NaN	NaN	0
35011	55.5833	12.8500	8183	10.0	11	0.0000	360.0000	NaN	NaN	NaN	NaN	NaN	0
35011	55.5833	12.8500	8183	10.0	12	0.0000	360.0000	NaN	NaN	NaN	NaN	NaN	0
35012	55.6167	12.8833	8183	0.0	1	0.0000	360.0000	NaN	NaN	NaN	NaN	NaN	1924
35012	55.6167	12.8833	8183	0.0	2	0.0000	360.0000	NaN	NaN	NaN	NaN	NaN	1431
35012	55.6167	12.8833	8183	0.0	3	0.0000	360.0000	NaN	NaN	NaN	NaN	NaN	1729
35012	55.6167	12.8833	8183	0.0	4	0.0000	360.0000	NaN	NaN	NaN	NaN	NaN	1937
35012	55.6167	12.8833	8183	0.0	5	0.0000	360.0000	NaN	NaN	NaN	NaN	NaN	2100
35012	55.6167	12.8833	8183	0.0	6	0.0000	360.0000	NaN	NaN	NaN	NaN	NaN	2046
35012	55.6167	12.8833	8183	0.0	7	0.0000	360.0000	NaN	NaN	NaN	NaN	NaN	2138
35012	55.6167	12.8833	8183	0.0	8	0.0000	360.0000	NaN	NaN	NaN	NaN	NaN	2188
35012	55.6167	12.8833	8183	0.0	9	0.0000	360.0000	NaN	NaN	NaN	NaN	NaN	2070
35012	55.6167	12.8833	8183	0.0	10	0.0000	360.0000	NaN	NaN	NaN	NaN	NaN	2126
35012	55.6167	12.8833	8183	0.0	11	0.0000	360.0000	NaN	NaN	NaN	NaN	NaN	2020
35012	55.6167	12.8833	8183	0.0	12	0.0000	360.0000	NaN	NaN	NaN	NaN	NaN	2024
35012	55.6167	12.8833	8183	2.0	1	0.0000	360.0000	NaN	NaN	NaN	NaN	NaN	0
35012	55.6167	12.8833	8183	2.0	2	0.0000	360.0000	NaN	NaN	NaN	NaN	NaN	0
35012	55.6167	12.8833	8183	2.0	3	0.0000	360.0000	NaN	NaN	NaN	NaN	NaN	0
35012	55.6167	12.8833	8183	2.0	4	0.0000	360.0000	NaN	NaN	NaN	NaN	NaN	0
35012	55.6167	12.8833	8183	2.0	5	0.0000	360.0000	NaN	NaN	NaN	NaN	NaN	0
35012	55.6167	12.8833	8183	2.0	6	0.0000	360.0000	NaN	NaN	NaN	NaN	NaN	0
35012	55.6167	12.8833	8183	2.0	7	0.0000	360.0000	NaN	NaN	NaN	NaN	NaN	0
35012	55.6167	12.8833	8183	2.0	8	0.0000	360.0000	NaN	NaN	NaN	NaN	NaN	0
35012	55.6167	12.8833	8183	2.0	9	0.0000	360.0000	NaN	NaN	NaN	NaN	NaN	0
35012	55.6167	12.8833	8183	2.0	10	0.0000	360.0000	NaN	NaN	NaN	NaN	NaN	0
35012	55.6167	12.8833	8183	2.0	11	0.0000	360.0000	NaN	NaN	NaN	NaN	NaN	0
35012	55.6167	12.8833	8183	2.0	12	0.0000	360.0000	NaN	NaN	NaN	NaN	NaN	0
35012	55.6167	12.8833	8183	5.0	1	0.0000	360.0000	NaN	NaN	NaN	NaN	NaN	30
35012	55.6167	12.8833	8183	5.0	2	0.0000	360.0000	NaN	NaN	NaN	NaN	NaN	18
35012	55.6167	12.8833	8183	5.0	3	0.0000	360.0000	NaN	NaN	NaN	NaN	NaN	0
35012	55.6167	12.8833	8183	5.0	4	0.0000	360.0000	NaN	NaN	NaN	NaN	NaN	0
35012	55.6167	12.8833	8183	5.0	5	0.0000	360.0000	NaN	NaN	NaN	NaN	NaN	0
35012	55.6167	12.8833	8183	5.0	6	0.0000	360.0000	NaN	NaN	NaN	NaN	NaN	0
35012	55.6167	12.8833	8183	5.0	7	0.0000	360.0000	NaN	NaN	NaN	NaN	NaN	0
35012	55.6167	12.8833	8183	5.0	8	0.0000	360.0000	NaN	NaN	NaN	NaN	NaN	0
35012	55.6167	12.8833	8183	5.0	9	0.0000	360.0000	NaN	NaN	NaN	NaN	NaN	0
35012	55.6167	12.8833	8183	5.0	10	0.0000	360.0000	NaN	NaN	NaN	NaN	NaN	0
35012	55.6167	12.8833	8183	5.0	11	0.0000	360.0000	NaN	NaN	NaN	NaN	NaN	0
35012	55.6167	12.8833	8183	5.0	12	0.0000	360.0000	NaN	NaN	NaN	NaN	NaN	0
35012	55.6167	12.8833	8183	7.0	1	0.0000	360.0000	NaN	NaN	NaN	NaN	NaN	0
35012	55.6167	12.8833	8183	7.0	2	0.0000	360.0000	NaN	NaN	NaN	NaN	NaN	0
35012	55.6167	12.8833	8183	7.0	3	0.0000	360.0000	NaN	NaN	NaN	NaN	NaN	0
35012	55.6167	12.8833	8183	7.0	4	0.0000	360.0000	NaN	NaN	NaN	NaN	NaN	0
35012	55.6167	12.8833	8183	7.0	5	0.0000	360.0000	NaN	NaN	NaN	NaN	NaN	0
35012	55.6167	12.8833	8183	7.0	6	0.0000	360.0000	NaN	NaN	NaN	NaN	NaN	0
35012	55.6167	12.8833	8183	7.0	7	0.0000	360.0000	NaN	NaN	NaN	NaN	NaN	0
35012	55.6167	12.8833	8183	7.0	8	0.0000	360.0000	NaN	NaN	NaN	NaN	NaN	0
35012	55.6167	12.8833	8183	7.0	9	0.0000	360.0000	NaN	NaN	NaN	NaN	NaN	0
35012	55.6167	12.8833	8183	7.0	10	0.0000	360.0000	NaN	NaN	NaN	NaN	NaN	0
35012	55.6167	12.8833	8183	7.0	11	0.0000	360.0000	NaN	NaN	NaN	NaN	NaN	0
35012	55.6167	12.8833	8183	7.0	12	0.0000	360.0000	NaN	NaN	NaN	NaN	NaN	0
35013	56.1667	12.5167	8183	0.0	1	0.0000	360.0000	NaN	NaN	NaN	NaN	NaN	2523
35013	56.1667	12.5167	8183	0.0	2	0.0000	360.0000	NaN	NaN	NaN	NaN	NaN	2080
35013	56.1667	12.5167	8183	0.0	3	0.0000	360.0000	NaN	NaN	NaN	NaN	NaN	2314
35013	56.1667	12.5167	8183	0.0	4	0.0000	360.0000	NaN	NaN	NaN	NaN	NaN	2564
35013	56.1667	12.5167	8183	0.0	5	0.0000	360.0000	NaN	NaN	NaN	NaN	NaN	2642
35013	56.1667	12.5167	8183	0.0	6	0.0000	360.0000	NaN	NaN	NaN	NaN	NaN	2525
35013	56.1667	12.5167	8183	0.0	7	0.0000	360.0000	NaN	NaN	NaN	NaN	NaN	2545
35013	56.1667	12.5167	8183	0.0	8	0.0000	360.0000	NaN	NaN	NaN	NaN	NaN	2610
35013	56.1667	12.5167	8183	0.0	9	0.0000	360.0000	NaN	NaN	NaN	NaN	NaN	2562
35013	56.1667	12.5167	8183	0.0	10	0.0000	360.0000	NaN	NaN	NaN	NaN	NaN	2599
35013	56.1667	12.5167	8183	0.0	11	0.0000	360.0000	NaN	NaN	NaN	NaN	NaN	2438
35013	56.1667	12.5167	8183	0.0	12	0.0000	360.0000	NaN	NaN	NaN	NaN	NaN	2526
35013	56.1667	12.5167	8183	5.0	1	0.0000	360.0000	NaN	NaN	NaN	NaN	NaN	863
35013	56.1667	12.5167	8183	5.0	2	0.0000	360.0000	NaN	NaN	NaN	NaN	NaN	709
35013	56.1667	12.5167	8183	5.0	3	0.0000	360.0000	NaN	NaN	NaN	NaN	NaN	809
35013	56.1667	12.5167	8183	5.0	4	0.0000	360.0000	NaN	NaN	NaN	NaN	NaN	866
35013	56.1667	12.5167	8183	5.0	5	0.0000	360.0000	NaN	NaN	NaN	NaN	NaN	883
35013	56.1667	12.5167	8183	5.0	6	0.0000	360.0000	NaN	NaN	NaN	NaN	NaN	864
35013	56.1667	12.5167	8183	5.0	7	0.0000	360.0000	NaN	NaN	NaN	NaN	NaN	894
35013	56.1667	12.5167	8183	5.0	8	0.0000	360.0000	NaN	NaN	NaN	NaN	NaN	896
35013	56.1667	12.5167	8183	5.0	9	0.0000	360.0000	NaN	NaN	NaN	NaN	NaN	896
35013	56.1667	12.5167	8183	5.0	10	0.0000	360.0000	NaN	NaN	NaN	NaN	NaN	924
35013	56.1667	12.5167	8183	5.0	11	0.0000	360.0000	NaN	NaN	NaN	NaN	NaN	851
35013	56.1667	12.5167	8183	5.0	12	0.0000	360.0000	NaN	NaN	NaN	NaN	NaN	881
35013	56.1667	12.5167	8183	10.0	1	0.0000	360.0000	NaN	NaN	NaN	NaN	NaN	771
35013	56.1667	12.5167	8183	10.0	2	0.0000	360.0000	NaN	NaN	NaN	NaN	NaN	626
35013	56.1667	12.5167	8183	10.0	3	0.0000	360.0000	NaN	NaN	NaN	NaN	NaN	680
35013	56.1667	12.5167	8183	10.0	4	0.0000	360.0000	NaN	NaN	NaN	NaN	NaN	724
35013	56.1667	12.5167	8183	10.0	5	0.0000	360.0000	NaN	NaN	NaN	NaN	NaN	742
35013	56.1667	12.5167	8183	10.0	6	0.0000	360.0000	NaN	NaN	NaN	NaN	NaN	754
35013	56.1667	12.5167	8183	10.0	7	0.0000	360.0000	NaN	NaN	NaN	NaN	NaN	786
35013	56.1667	12.5167	8183	10.0	8	0.0000	360.0000	NaN	NaN	NaN	NaN	NaN	798
35013	56.1667	12.5167	8183	10.0	9	0.0000	360.0000	NaN	NaN	NaN	NaN	NaN	816
35013	56.1667	12.5167	8183	10.0	10	0.0000	360.0000	NaN	NaN	NaN	NaN	NaN	789
35013	56.1667	12.5167	8183	10.0	11	0.0000	360.0000	NaN	NaN	NaN	NaN	NaN	734
35013	56.1667	12.5167	8183	10.0	12	0.0000	360.0000	NaN	NaN	NaN	NaN	NaN	778
35013	56.1667	12.5167	8183	14.0	1	0.0000	360.0000	NaN	NaN	NaN	NaN	NaN	0
35013	56.1667	12.5167	8183	14.0	2	0.0000	360.0000	NaN	NaN	NaN	NaN	NaN	0
35013	56.1667	12.5167	8183	14.0	3	0.0000	360.0000	NaN	NaN	NaN	NaN	NaN	0
35013	56.1667	12.5167	8183	14.0	4	0.0000	360.0000	NaN	NaN	NaN	NaN	NaN	0
35013	56.1667	12.5167	8183	14.0	5	0.0000	360.0000	NaN	NaN	NaN	NaN	NaN	0
35013	56.1667	12.5167	8183	14.0	6	0.0000	360.0000	NaN	NaN	NaN	NaN	NaN	0
35013	56.1667	12.5167	8183	14.0	7	0.0000	360.0000	NaN	NaN	NaN	NaN	NaN	0
35013	56.1667	12.5167	8183	14.0	8	0.0000	360.0000	NaN	NaN	NaN	NaN	NaN	0
35013	56.1667	12.5167	8183	14.0	9	0.0000	360.0000	NaN	NaN	NaN	NaN	NaN	0
35013	56.1667	12.5167	8183	14.0	10	0.0000	360.0000	NaN	NaN	NaN	NaN	NaN	0
35013	56.1667	12.5167	8183	14.0	11	0.0000	360.0000	NaN	NaN	NaN	NaN	NaN	0
35013	56.1667	12.5167	8183	14.0	12	0.0000	360.0000	NaN	NaN	NaN	NaN	NaN	0
35013	56.1667	12.5167	8183	15.0	1	0.0000	360.0000	NaN	NaN	NaN	NaN	NaN	675
35013	56.1667	12.5167	8183	15.0	2	0.0000	360.0000	NaN	NaN	NaN	NaN	NaN	562
35013	56.1667	12.5167	8183	15.0	3	0.0000	360.0000	NaN	NaN	NaN	NaN	NaN	573
35013	56.1667	12.5167	8183	15.0	4	0.0000	360.0000	NaN	NaN	NaN	NaN	NaN	604
35013	56.1667	12.5167	8183	15.0	5	0.0000	360.0000	NaN	NaN	NaN	NaN	NaN	581
35013	56.1667	12.5167	8183	15.0	6	0.0000	360.0000	NaN	NaN	NaN	NaN	NaN	617
35013	56.1667	12.5167	8183	15.0	7	0.0000	360.0000	NaN	NaN	NaN	NaN	NaN	640
35013	56.1667	12.5167	8183	15.0	8	0.0000	360.0000	NaN	NaN	NaN	NaN	NaN	733
35013	56.1667	12.5167	8183	15.0	9	0.0000	360.0000	NaN	NaN	NaN	NaN	NaN	721
35013	56.1667	12.5167	8183	15.0	10	0.0000	360.0000	NaN	NaN	NaN	NaN	NaN	676
35013	56.1667	12.5167	8183	15.0	11	0.0000	360.0000	NaN	NaN	NaN	NaN	NaN	652
35013	56.1667	12.5167	8183	15.0	12	0.0000	360.0000	NaN	NaN	NaN	NaN	NaN	670
35013	56.1667	12.5167	8183	17.0	1	0.0000	360.0000	NaN	NaN	NaN	NaN	NaN	230
35013	56.1667	12.5167	8183	17.0	2	0.0000	360.0000	NaN	NaN	NaN	NaN	NaN	174
35013	56.1667	12.5167	8183	17.0	3	0.0000	360.0000	NaN	NaN	NaN	NaN	NaN	176
35013	56.1667	12.5167	8183	17.0	4	0.0000	360.0000	NaN	NaN	NaN	NaN	NaN	204
35013	56.1667	12.5167	8183	17.0	5	0.0000	360.0000	NaN	NaN	NaN	NaN	NaN	189
35013	56.1667	12.5167	8183	17.0	6	0.0000	360.0000	NaN	NaN	NaN	NaN	NaN	191
35013	56.1667	12.5167	8183	17.0	7	0.0000	360.0000	NaN	NaN	NaN	NaN	NaN	174
35013	56.1667	12.5167	8183	17.0	8	0.0000	360.0000	NaN	NaN	NaN	NaN	NaN	197
35013	56.1667	12.5167	8183	17.0	9	0.0000	360.0000	NaN	NaN	NaN	NaN	NaN	191
35013	56.1667	12.5167	8183	17.0	10	0.0000	360.0000	NaN	NaN	NaN	NaN	NaN	201
35013	56.1667	12.5167	8183	17.0	11	0.0000	360.0000	NaN	NaN	NaN	NaN	NaN	189
35013	56.1667	12.5167	8183	17.0	12	0.0000	360.0000	NaN	NaN	NaN	NaN	NaN	205
35013	56.1667	12.5167	8183	18.0	1	0.0000	360.0000	NaN	NaN	NaN	NaN	NaN	256
35013	56.1667	12.5167	8183	18.0	2	0.0000	360.0000	NaN	NaN	NaN	NaN	NaN	180
35013	56.1667	12.5167	8183	18.0	3	0.0000	360.0000	NaN	NaN	NaN	NaN	NaN	200
35013	56.1667	12.5167	8183	18.0	4	0.0000	360.0000	NaN	NaN	NaN	NaN	NaN	249
35013	56.1667	12.5167	8183	18.0	5	0.0000	360.0000	NaN	NaN	NaN	NaN	NaN	266
35013	56.1667	12.5167	8183	18.0	6	0.0000	360.0000	NaN	NaN	NaN	NaN	NaN	246
35013	56.1667	12.5167	8183	18.0	7	0.0000	360.0000	NaN	NaN	NaN	NaN	NaN	250
35013	56.1667	12.5167	8183	18.0	8	0.0000	360.0000	NaN	NaN	NaN	NaN	NaN	259
35013	56.1667	12.5167	8183	18.0	9	0.0000	360.0000	NaN	NaN	NaN	NaN	NaN	261
35013	56.1667	12.5167	8183	18.0	10	0.0000	360.0000	NaN	NaN	NaN	NaN	NaN	235
35013	56.1667	12.5167	8183	18.0	11	0.0000	360.0000	NaN	NaN	NaN	NaN	NaN	218
35013	56.1667	12.5167	8183	18.0	12	0.0000	360.0000	NaN	NaN	NaN	NaN	NaN	244
35015	57.1667	11.6667	8183	0.0	1	0.0000	360.0000	NaN	NaN	NaN	NaN	NaN	3512
35015	57.1667	11.6667	8183	0.0	2	0.0000	360.0000	NaN	NaN	NaN	NaN	NaN	2875
35015	57.1667	11.6667	8183	0.0	3	0.0000	360.0000	NaN	NaN	NaN	NaN	NaN	3327
35015	57.1667	11.6667	8183	0.0	4	0.0000	360.0000	NaN	NaN	NaN	NaN	NaN	3908
35015	57.1667	11.6667	8183	0.0	5	0.0000	360.0000	NaN	NaN	NaN	NaN	NaN	4101
35015	57.1667	11.6667	8183	0.0	6	0.0000	360.0000	NaN	NaN	NaN	NaN	NaN	3873
35015	57.1667	11.6667	8183	0.0	7	0.0000	360.0000	NaN	NaN	NaN	NaN	NaN	4128
35015	57.1667	11.6667	8183	0.0	8	0.0000	360.0000	NaN	NaN	NaN	NaN	NaN	4091
35015	57.1667	11.6667	8183	0.0	9	0.0000	360.0000	NaN	NaN	NaN	NaN	NaN	3933
35015	57.1667	11.6667	8183	0.0	10	0.0000	360.0000	NaN	NaN	NaN	NaN	NaN	3945
35015	57.1667	11.6667	8183	0.0	11	0.0000	360.0000	NaN	NaN	NaN	NaN	NaN	3692
35015	57.1667	11.6667	8183	0.0	12	0.0000	360.0000	NaN	NaN	NaN	NaN	NaN	3827
35015	57.1667	11.6667	8183	5.0	1	0.0000	360.0000	NaN	NaN	NaN	NaN	NaN	0
35015	57.1667	11.6667	8183	5.0	2	0.0000	360.0000	NaN	NaN	NaN	NaN	NaN	0
35015	57.1667	11.6667	8183	5.0	3	0.0000	360.0000	NaN	NaN	NaN	NaN	NaN	0
35015	57.1667	11.6667	8183	5.0	4	0.0000	360.0000	NaN	NaN	NaN	NaN	NaN	0
35015	57.1667	11.6667	8183	5.0	5	0.0000	360.0000	NaN	NaN	NaN	NaN	NaN	0
35015	57.1667	11.6667	8183	5.0	6	0.0000	360.0000	NaN	NaN	NaN	NaN	NaN	0
35015	57.1667	11.6667	8183	5.0	7	0.0000	360.0000	NaN	NaN	NaN	NaN	NaN	0
35015	57.1667	11.6667	8183	5.0	8	0.0000	360.0000	NaN	NaN	NaN	NaN	NaN	0
35015	57.1667	11.6667	8183	5.0	9	0.0000	360.0000	NaN	NaN	NaN	NaN	NaN	0
35015	57.1667	11.6667	8183	5.0	10	0.0000	360.0000	NaN	NaN	NaN	NaN	NaN	0
35015	57.1667	11.6667	8183	5.0	11	0.0000	360.0000	NaN	NaN	NaN	NaN	NaN	0
35015	57.1667	11.6667	8183	5.0	12	0.0000	360.0000	NaN	NaN	NaN	NaN	NaN	0
35015	57.1667	11.6667	8183	10.0	1	0.0000	360.0000	NaN	NaN	NaN	NaN	NaN	673
35015	57.1667	11.6667	8183	10.0	2	0.0000	360.0000	NaN	NaN	NaN	NaN	NaN	556
35015	57.1667	11.6667	8183	10.0	3	0.0000	360.0000	NaN	NaN	NaN	NaN	NaN	666
35015	57.1667	11.6667	8183	10.0	4	0.0000	360.0000	NaN	NaN	NaN	NaN	NaN	724
35015	57.1667	11.6667	8183	10.0	5	0.0000	360.0000	NaN	NaN	NaN	NaN	NaN	724
35015	57.1667	11.6667	8183	10.0	6	0.0000	360.0000	NaN	NaN	NaN	NaN	NaN	682
35015	57.1667	11.6667	8183	10.0	7	0.0000	360.0000	NaN	NaN	NaN	NaN	NaN	764
35015	57.1667	11.6667	8183	10.0	8	0.0000	360.0000	NaN	NaN	NaN	NaN	NaN	731
35015	57.1667	11.6667	8183	10.0	9	0.0000	360.0000	NaN	NaN	NaN	NaN	NaN	723
35015	57.1667	11.6667	8183	10.0	10	0.0000	360.0000	NaN	NaN	NaN	NaN	NaN	709
35015	57.1667	11.6667	8183	10.0	11	0.0000	360.0000	NaN	NaN	NaN	NaN	NaN	699
35015	57.1667	11.6667	8183	10.0	12	0.0000	360.0000	NaN	NaN	NaN	NaN	NaN	688
35015	57.1667	11.6667	8183	15.0	1	0.0000	360.0000	NaN	NaN	NaN	NaN	NaN	0
35015	57.1667	11.6667	8183	15.0	2	0.0000	360.0000	NaN	NaN	NaN	NaN	NaN	0
35015	57.1667	11.6667	8183	15.0	3	0.0000	360.0000	NaN	NaN	NaN	NaN	NaN	0
35015	57.1667	11.6667	8183	15.0	4	0.0000	360.0000	NaN	NaN	NaN	NaN	NaN	0
35015	57.1667	11.6667	8183	15.0	5	0.0000	360.0000	NaN	NaN	NaN	NaN	NaN	0
35015	57.1667	11.6667	8183	15.0	6	0.0000	360.0000	NaN	NaN	NaN	NaN	NaN	0
35015	57.1667	11.6667	8183	15.0	7	0.0000	360.0000	NaN	NaN	NaN	NaN	NaN	0
35015	57.1667	11.6667	8183	15.0	8	0.0000	360.0000	NaN	NaN	NaN	NaN	NaN	0
35015	57.1667	11.6667	8183	15.0	9	0.0000	360.0000	NaN	NaN	NaN	NaN	NaN	0
35015	57.1667	11.6667	8183	15.0	10	0.0000	360.0000	NaN	NaN	NaN	NaN	NaN	0
35015	57.1667	11.6667	8183	15.0	11	0.0000	360.0000	NaN	NaN	NaN	NaN	NaN	0
35015	57.1667	11.6667	8183	15.0	12	0.0000	360.0000	NaN	NaN	NaN	NaN	NaN	0
35015	57.1667	11.6667	8183	20.0	1	0.0000	360.0000	NaN	NaN	NaN	NaN	NaN	0
35015	57.1667	11.6667	8183	20.0	2	0.0000	360.0000	NaN	NaN	NaN	NaN	NaN	0
35015	57.1667	11.6667	8183	20.0	3	0.0000	360.0000	NaN	NaN	NaN	NaN	NaN	0
35015	57.1667	11.6667	8183	20.0	4	0.0000	360.0000	NaN	NaN	NaN	NaN	NaN	0
35015	57.1667	11.6667	8183	20.0	5	0.0000	360.0000	NaN	NaN	NaN	NaN	NaN	0
35015	57.1667	11.6667	8183	20.0	6	0.0000	360.0000	NaN	NaN	NaN	NaN	NaN	0
35015	57.1667	11.6667	8183	20.0	7	0.0000	360.0000	NaN	NaN	NaN	NaN	NaN	0
35015	57.1667	11.6667	8183	20.0	8	0.0000	360.0000	NaN	NaN	NaN	NaN	NaN	0
35015	57.1667	11.6667	8183	20.0	9	0.0000	360.0000	NaN	NaN	NaN	NaN	NaN	0
35015	57.1667	11.6667	8183	20.0	10	0.0000	360.0000	NaN	NaN	NaN	NaN	NaN	0
35015	57.1667	11.6667	8183	20.0	11	0.0000	360.0000	NaN	NaN	NaN	NaN	NaN	0
35015	57.1667	11.6667	8183	20.0	12	0.0000	360.0000	NaN	NaN	NaN	NaN	NaN	0
35015	57.1667	11.6667	8183	28.0	1	0.0000	360.0000	NaN	NaN	NaN	NaN	NaN	0
35015	57.1667	11.6667	8183	28.0	2	0.0000	360.0000	NaN	NaN	NaN	NaN	NaN	0
35015	57.1667	11.6667	8183	28.0	3	0.0000	360.0000	NaN	NaN	NaN	NaN	NaN	0
35015	57.1667	11.6667	8183	28.0	4	0.0000	360.0000	NaN	NaN	NaN	NaN	NaN	0
35015	57.1667	11.6667	8183	28.0	5	0.0000	360.0000	NaN	NaN	NaN	NaN	NaN	0
35015	57.1667	11.6667	8183	28.0	6	0.0000	360.0000	NaN	NaN	NaN	NaN	NaN	0
35015	57.1667	11.6667	8183	28.0	7	0.0000	360.0000	NaN	NaN	NaN	NaN	NaN	0
35015	57.1667	11.6667	8183	28.0	8	0.0000	360.0000	NaN	NaN	NaN	NaN	NaN	0
35015	57.1667	11.6667	8183	28.0	9	0.0000	360.0000	NaN	NaN	NaN	NaN	NaN	0
35015	57.1667	11.6667	8183	28.0	10	0.0000	360.0000	NaN	NaN	NaN	NaN	NaN	0
35015	57.1667	11.6667	8183	28.0	11	0.0000	360.0000	NaN	NaN	NaN	NaN	NaN	0
35015	57.1667	11.6667	8183	28.0	12	0.0000	360.0000	NaN	NaN	NaN	NaN	NaN	0
35015	57.1667	11.6667	8183	30.0	1	0.0000	360.0000	NaN	NaN	NaN	NaN	NaN	1909
35015	57.1667	11.6667	8183	30.0	2	0.0000	360.0000	NaN	NaN	NaN	NaN	NaN	1523
35015	57.1667	11.6667	8183	30.0	3	0.0000	360.0000	NaN	NaN	NaN	NaN	NaN	1710
35015	57.1667	11.6667	8183	30.0	4	0.0000	360.0000	NaN	NaN	NaN	NaN	NaN	2078
35015	57.1667	11.6667	8183	30.0	5	0.0000	360.0000	NaN	NaN	NaN	NaN	NaN	2119
35015	57.1667	11.6667	8183	30.0	6	0.0000	360.0000	NaN	NaN	NaN	NaN	NaN	2055
35015	57.1667	11.6667	8183	30.0	7	0.0000	360.0000	NaN	NaN	NaN	NaN	NaN	2200
35015	57.1667	11.6667	8183	30.0	8	0.0000	360.0000	NaN	NaN	NaN	NaN	NaN	2260
35015	57.1667	11.6667	8183	30.0	9	0.0000	360.0000	NaN	NaN	NaN	NaN	NaN	2104
35015	57.1667	11.6667	8183	30.0	10	0.0000	360.0000	NaN	NaN	NaN	NaN	NaN	2210
35015	57.1667	11.6667	8183	30.0	11	0.0000	360.0000	NaN	NaN	NaN	NaN	NaN	2027
35015	57.1667	11.6667	8183	30.0	12	0.0000	360.0000	NaN	NaN	NaN	NaN	NaN	2166
35015	57.1667	11.6667	8183	35.0	1	0.0000	360.0000	NaN	NaN	NaN	NaN	NaN	0
35015	57.1667	11.6667	8183	35.0	2	0.0000	360.0000	NaN	NaN	NaN	NaN	NaN	0
35015	57.1667	11.6667	8183	35.0	3	0.0000	360.0000	NaN	NaN	NaN	NaN	NaN	0
35015	57.1667	11.6667	8183	35.0	4	0.0000	360.0000	NaN	NaN	NaN	NaN	NaN	0
35015	57.1667	11.6667	8183	35.0	5	0.0000	360.0000	NaN	NaN	NaN	NaN	NaN	0
35015	57.1667	11.6667	8183	35.0	6	0.0000	360.0000	NaN	NaN	NaN	NaN	NaN	0
35015	57.1667	11.6667	8183	35.0	7	0.0000	360.0000	NaN	NaN	NaN	NaN	NaN	0
35015	57.1667	11.6667	8183	35.0	8	0.0000	360.0000	NaN	NaN	NaN	NaN	NaN	0
35015	57.1667	11.6667	8183	35.0	9	0.0000	360.0000	NaN	NaN	NaN	NaN	NaN	0
35015	57.1667	11.6667	8183	35.0	10	0.0000	360.0000	NaN	NaN	NaN	NaN	NaN	0
35015	57.1667	11.6667	8183	35.0	11	0.0000	360.0000	NaN	NaN	NaN	NaN	NaN	0
35015	57.1667	11.6667	8183	35.0	12	0.0000	360.0000	NaN	NaN	NaN	NaN	NaN	0
35015	57.1667	11.6667	8183	40.0	1	0.0000	360.0000	NaN	NaN	NaN	NaN	NaN	0
35015	57.1667	11.6667	8183	40.0	2	0.0000	360.0000	NaN	NaN	NaN	NaN	NaN	0
35015	57.1667	11.6667	8183	40.0	3	0.0000	360.0000	NaN	NaN	NaN	NaN	NaN	0
35015	57.1667	11.6667	8183	40.0	4	0.0000	360.0000	NaN	NaN	NaN	NaN	NaN	0
35015	57.1667	11.6667	8183	40.0	5	0.0000	360.0000	NaN	NaN	NaN	NaN	NaN	0
35015	57.1667	11.6667	8183	40.0	6	0.0000	360.0000	NaN	NaN	NaN	NaN	NaN	0
35015	57.1667	11.6667	8183	40.0	7	0.0000	360.0000	NaN	NaN	NaN	NaN	NaN	0
35015	57.1667	11.6667	8183	40.0	8	0.0000	360.0000	NaN	NaN	NaN	NaN	NaN	0
35015	57.1667	11.6667	8183	40.0	9	0.0000	360.0000	NaN	NaN	NaN	NaN	NaN	0
35015	57.1667	11.6667	8183	40.0	10	0.0000	360.0000	NaN	NaN	NaN	NaN	NaN	0
35015	57.1667	11.6667	8183	40.0	11	0.0000	360.0000	NaN	NaN	NaN	NaN	NaN	0
35015	57.1667	11.6667	8183	40.0	12	0.0000	360.0000	NaN	NaN	NaN	NaN	NaN	0
35016	57.5667	11.6000	8183	0.0	1	0.0000	360.0000	NaN	NaN	NaN	NaN	NaN	1123
35016	57.5667	11.6000	8183	0.0	2	0.0000	360.0000	NaN	NaN	NaN	NaN	NaN	972
35016	57.5667	11.6000	8183	0.0	3	0.0000	360.0000	NaN	NaN	NaN	NaN	NaN	1009
35016	57.5667	11.6000	8183	0.0	4	0.0000	360.0000	NaN	NaN	NaN	NaN	NaN	1178
35016	57.5667	11.6000	8183	0.0	5	0.0000	360.0000	NaN	NaN	NaN	NaN	NaN	1242
35016	57.5667	11.6000	8183	0.0	6	0.0000	360.0000	NaN	NaN	NaN	NaN	NaN	1268
35016	57.5667	11.6000	8183	0.0	7	0.0000	360.0000	NaN	NaN	NaN	NaN	NaN	1262
35016	57.5667	11.6000	8183	0.0	8	0.0000	360.0000	NaN	NaN	NaN	NaN	NaN	1303
35016	57.5667	11.6000	8183	0.0	9	0.0000	360.0000	NaN	NaN	NaN	NaN	NaN	1218
35016	57.5667	11.6000	8183	0.0	10	0.0000	360.0000	NaN	NaN	NaN	NaN	NaN	1241
35016	57.5667	11.6000	8183	0.0	11	0.0000	360.0000	NaN	NaN	NaN	NaN	NaN	1228
35016	57.5667	11.6000	8183	0.0	12	0.0000	360.0000	NaN	NaN	NaN	NaN	NaN	1153
35016	57.5667	11.6000	8183	5.0	1	0.0000	360.0000	NaN	NaN	NaN	NaN	NaN	0
35016	57.5667	11.6000	8183	5.0	2	0.0000	360.0000	NaN	NaN	NaN	NaN	NaN	0
35016	57.5667	11.6000	8183	5.0	3	0.0000	360.0000	NaN	NaN	NaN	NaN	NaN	0
35016	57.5667	11.6000	8183	5.0	4	0.0000	360.0000	NaN	NaN	NaN	NaN	NaN	0
35016	57.5667	11.6000	8183	5.0	5	0.0000	360.0000	NaN	NaN	NaN	NaN	NaN	0
35016	57.5667	11.6000	8183	5.0	6	0.0000	360.0000	NaN	NaN	NaN	NaN	NaN	0
35016	57.5667	11.6000	8183	5.0	7	0.0000	360.0000	NaN	NaN	NaN	NaN	NaN	0
35016	57.5667	11.6000	8183	5.0	8	0.0000	360.0000	NaN	NaN	NaN	NaN	NaN	0
35016	57.5667	11.6000	8183	5.0	9	0.0000	360.0000	NaN	NaN	NaN	NaN	NaN	0
35016	57.5667	11.6000	8183	5.0	10	0.0000	360.0000	NaN	NaN	NaN	NaN	NaN	0
35016	57.5667	11.6000	8183	5.0	11	0.0000	360.0000	NaN	NaN	NaN	NaN	NaN	0
35016	57.5667	11.6000	8183	5.0	12	0.0000	360.0000	NaN	NaN	NaN	NaN	NaN	0
35016	57.5667	11.6000	8183	10.0	1	0.0000	360.0000	NaN	NaN	NaN	NaN	NaN	0
35016	57.5667	11.6000	8183	10.0	2	0.0000	360.0000	NaN	NaN	NaN	NaN	NaN	0
35016	57.5667	11.6000	8183	10.0	3	0.0000	360.0000	NaN	NaN	NaN	NaN	NaN	0
35016	57.5667	11.6000	8183	10.0	4	0.0000	360.0000	NaN	NaN	NaN	NaN	NaN	0
35016	57.5667	11.6000	8183	10.0	5	0.0000	360.0000	NaN	NaN	NaN	NaN	NaN	0
35016	57.5667	11.6000	8183	10.0	6	0.0000	360.0000	NaN	NaN	NaN	NaN	NaN	0
35016	57.5667	11.6000	8183	10.0	7	0.0000	360.0000	NaN	NaN	NaN	NaN	NaN	0
35016	57.5667	11.6000	8183	10.0	8	0.0000	360.0000	NaN	NaN	NaN	NaN	NaN	0
35016	57.5667	11.6000	8183	10.0	9	0.0000	360.0000	NaN	NaN	NaN	NaN	NaN	0
35016	57.5667	11.6000	8183	10.0	10	0.0000	360.0000	NaN	NaN	NaN	NaN	NaN	0
35016	57.5667	11.6000	8183	10.0	11	0.0000	360.0000	NaN	NaN	NaN	NaN	NaN	0
35016	57.5667	11.6000	8183	10.0	12	0.0000	360.0000	NaN	NaN	NaN	NaN	NaN	0
35016	57.5667	11.6000	8183	15.0	1	0.0000	360.0000	NaN	NaN	NaN	NaN	NaN	0
35016	57.5667	11.6000	8183	15.0	2	0.0000	360.0000	NaN	NaN	NaN	NaN	NaN	0
35016	57.5667	11.6000	8183	15.0	3	0.0000	360.0000	NaN	NaN	NaN	NaN	NaN	0
35016	57.5667	11.6000	8183	15.0	4	0.0000	360.0000	NaN	NaN	NaN	NaN	NaN	0
35016	57.5667	11.6000	8183	15.0	5	0.0000	360.0000	NaN	NaN	NaN	NaN	NaN	0
35016	57.5667	11.6000	8183	15.0	6	0.0000	360.0000	NaN	NaN	NaN	NaN	NaN	0
35016	57.5667	11.6000	8183	15.0	7	0.0000	360.0000	NaN	NaN	NaN	NaN	NaN	0
35016	57.5667	11.6000	8183	15.0	8	0.0000	360.0000	NaN	NaN	NaN	NaN	NaN	0
35016	57.5667	11.6000	8183	15.0	9	0.0000	360.0000	NaN	NaN	NaN	NaN	NaN	0
35016	57.5667	11.6000	8183	15.0	10	0.0000	360.0000	NaN	NaN	NaN	NaN	NaN	0
35016	57.5667	11.6000	8183	15.0	11	0.0000	360.0000	NaN	NaN	NaN	NaN	NaN	0
35016	57.5667	11.6000	8183	15.0	12	0.0000	360.0000	NaN	NaN	NaN	NaN	NaN	0
35016	57.5667	11.6000	8183	20.0	1	0.0000	360.0000	NaN	NaN	NaN	NaN	NaN	0
35016	57.5667	11.6000	8183	20.0	2	0.0000	360.0000	NaN	NaN	NaN	NaN	NaN	0
35016	57.5667	11.6000	8183	20.0	3	0.0000	360.0000	NaN	NaN	NaN	NaN	NaN	0
35016	57.5667	11.6000	8183	20.0	4	0.0000	360.0000	NaN	NaN	NaN	NaN	NaN	0
35016	57.5667	11.6000	8183	20.0	5	0.0000	360.0000	NaN	NaN	NaN	NaN	NaN	0
35016	57.5667	11.6000	8183	20.0	6	0.0000	360.0000	NaN	NaN	NaN	NaN	NaN	0
35016	57.5667	11.6000	8183	20.0	7	0.0000	360.0000	NaN	NaN	NaN	NaN	NaN	0
35016	57.5667	11.6000	8183	20.0	8	0.0000	360.0000	NaN	NaN	NaN	NaN	NaN	0
35016	57.5667	11.6000	8183	20.0	9	0.0000	360.0000	NaN	NaN	NaN	NaN	NaN	0
35016	57.5667	11.6000	8183	20.0	10	0.0000	360.0000	NaN	NaN	NaN	NaN	NaN	0
35016	57.5667	11.6000	8183	20.0	11	0.0000	360.0000	NaN	NaN	NaN	NaN	NaN	0
35016	57.5667	11.6000	8183	20.0	12	0.0000	360.0000	NaN	NaN	NaN	NaN	NaN	0
35016	57.5667	11.6000	8183	30.0	1	0.0000	360.0000	NaN	NaN	NaN	NaN	NaN	988
35016	57.5667	11.6000	8183	30.0	2	0.0000	360.0000	NaN	NaN	NaN	NaN	NaN	867
35016	57.5667	11.6000	8183	30.0	3	0.0000	360.0000	NaN	NaN	NaN	NaN	NaN	871
35016	57.5667	11.6000	8183	30.0	4	0.0000	360.0000	NaN	NaN	NaN	NaN	NaN	994
35016	57.5667	11.6000	8183	30.0	5	0.0000	360.0000	NaN	NaN	NaN	NaN	NaN	1045
35016	57.5667	11.6000	8183	30.0	6	0.0000	360.0000	NaN	NaN	NaN	NaN	NaN	1047
35016	57.5667	11.6000	8183	30.0	7	0.0000	360.0000	NaN	NaN	NaN	NaN	NaN	1063
35016	57.5667	11.6000	8183	30.0	8	0.0000	360.0000	NaN	NaN	NaN	NaN	NaN	1080
35016	57.5667	11.6000	8183	30.0	9	0.0000	360.0000	NaN	NaN	NaN	NaN	NaN	1072
35016	57.5667	11.6000	8183	30.0	10	0.0000	360.0000	NaN	NaN	NaN	NaN	NaN	1143
35016	57.5667	11.6000	8183	30.0	11	0.0000	360.0000	NaN	NaN	NaN	NaN	NaN	1109
35016	57.5667	11.6000	8183	30.0	12	0.0000	360.0000	NaN	NaN	NaN	NaN	NaN	1043
35016	57.5667	11.6000	8183	40.0	1	0.0000	360.0000	NaN	NaN	NaN	NaN	NaN	0
35016	57.5667	11.6000	8183	40.0	2	0.0000	360.0000	NaN	NaN	NaN	NaN	NaN	0
35016	57.5667	11.6000	8183	40.0	3	0.0000	360.0000	NaN	NaN	NaN	NaN	NaN	0
35016	57.5667	11.6000	8183	40.0	4	0.0000	360.0000	NaN	NaN	NaN	NaN	NaN	0
35016	57.5667	11.6000	8183	40.0	5	0.0000	360.0000	NaN	NaN	NaN	NaN	NaN	0
35016	57.5667	11.6000	8183	40.0	6	0.0000	360.0000	NaN	NaN	NaN	NaN	NaN	0
35016	57.5667	11.6000	8183	40.0	7	0.0000	360.0000	NaN	NaN	NaN	NaN	NaN	0
35016	57.5667	11.6000	8183	40.0	8	0.0000	360.0000	NaN	NaN	NaN	NaN	NaN	0
35016	57.5667	11.6000	8183	40.0	9	0.0000	360.0000	NaN	NaN	NaN	NaN	NaN	0
35016	57.5667	11.6000	8183	40.0	10	0.0000	360.0000	NaN	NaN	NaN	NaN	NaN	0
35016	57.5667	11.6000	8183	40.0	11	0.0000	360.0000	NaN	NaN	NaN	NaN	NaN	0
35016	57.5667	11.6000	8183	40.0	12	0.0000	360.0000	NaN	NaN	NaN	NaN	NaN	0
35021	58.8833	10.8333	8183	0.0	1	0.0000	360.0000	NaN	NaN	NaN	NaN	NaN	144
35021	58.8833	10.8333	8183	0.0	2	0.0000	360.0000	NaN	NaN	NaN	NaN	NaN	110
35021	58.8833	10.8333	8183	0.0	3	0.0000	360.0000	NaN	NaN	NaN	NaN	NaN	134
35021	58.8833	10.8333	8183	0.0	4	0.0000	360.0000	NaN	NaN	NaN	NaN	NaN	147
35021	58.8833	10.8333	8183	0.0	5	0.0000	360.0000	NaN	NaN	NaN	NaN	NaN	165
35021	58.8833	10.8333	8183	0.0	6	0.0000	360.0000	NaN	NaN	NaN	NaN	NaN	162
35021	58.8833	10.8333	8183	0.0	7	0.0000	360.0000	NaN	NaN	NaN	NaN	NaN	169
35021	58.8833	10.8333	8183	0.0	8	0.0000	360.0000	NaN	NaN	NaN	NaN	NaN	167
35021	58.8833	10.8333	8183	0.0	9	0.0000	360.0000	NaN	NaN	NaN	NaN	NaN	157
35021	58.8833	10.8333	8183	0.0	10	0.0000	360.0000	NaN	NaN	NaN	NaN	NaN	167
35021	58.8833	10.8333	8183	0.0	11	0.0000	360.0000	NaN	NaN	NaN	NaN	NaN	162
35021	58.8833	10.8333	8183	0.0	12	0.0000	360.0000	NaN	NaN	NaN	NaN	NaN	157
35021	58.8833	10.8333	8183	5.0	1	0.0000	360.0000	NaN	NaN	NaN	NaN	NaN	0
35021	58.8833	10.8333	8183	5.0	2	0.0000	360.0000	NaN	NaN	NaN	NaN	NaN	0
35021	58.8833	10.8333	8183	5.0	3	0.0000	360.0000	NaN	NaN	NaN	NaN	NaN	0
35021	58.8833	10.8333	8183	5.0	4	0.0000	360.0000	NaN	NaN	NaN	NaN	NaN	0
35021	58.8833	10.8333	8183	5.0	5	0.0000	360.0000	NaN	NaN	NaN	NaN	NaN	0
35021	58.8833	10.8333	8183	5.0	6	0.0000	360.0000	NaN	NaN	NaN	NaN	NaN	0
35021	58.8833	10.8333	8183	5.0	7	0.0000	360.0000	NaN	NaN	NaN	NaN	NaN	0
35021	58.8833	10.8333	8183	5.0	8	0.0000	360.0000	NaN	NaN	NaN	NaN	NaN	0
35021	58.8833	10.8333	8183	5.0	9	0.0000	360.0000	NaN	NaN	NaN	NaN	NaN	0
35021	58.8833	10.8333	8183	5.0	10	0.0000	360.0000	NaN	NaN	NaN	NaN	NaN	0
35021	58.8833	10.8333	8183	5.0	11	0.0000	360.0000	NaN	NaN	NaN	NaN	NaN	0
35021	58.8833	10.8333	8183	5.0	12	0.0000	360.0000	NaN	NaN	NaN	NaN	NaN	0
35021	58.8833	10.8333	8183	10.0	1	0.0000	360.0000	NaN	NaN	NaN	NaN	NaN	0
35021	58.8833	10.8333	8183	10.0	2	0.0000	360.0000	NaN	NaN	NaN	NaN	NaN	0
35021	58.8833	10.8333	8183	10.0	3	0.0000	360.0000	NaN	NaN	NaN	NaN	NaN	0
35021	58.8833	10.8333	8183	10.0	4	0.0000	360.0000	NaN	NaN	NaN	NaN	NaN	0
35021	58.8833	10.8333	8183	10.0	5	0.0000	360.0000	NaN	NaN	NaN	NaN	NaN	0
35021	58.8833	10.8333	8183	10.0	6	0.0000	360.0000	NaN	NaN	NaN	NaN	NaN	0
35021	58.8833	10.8333	8183	10.0	7	0.0000	360.0000	NaN	NaN	NaN	NaN	NaN	0
35021	58.8833	10.8333	8183	10.0	8	0.0000	360.0000	NaN	NaN	NaN	NaN	NaN	0
35021	58.8833	10.8333	8183	10.0	9	0.0000	360.0000	NaN	NaN	NaN	NaN	NaN	0
35021	58.8833	10.8333	8183	10.0	10	0.0000	360.0000	NaN	NaN	NaN	NaN	NaN	0
35021	58.8833	10.8333	8183	10.0	11	0.0000	360.0000	NaN	NaN	NaN	NaN	NaN	0
35021	58.8833	10.8333	8183	10.0	12	0.0000	360.0000	NaN	NaN	NaN	NaN	NaN	0
35021	58.8833	10.8333	8183	20.0	1	0.0000	360.0000	NaN	NaN	NaN	NaN	NaN	0
35021	58.8833	10.8333	8183	20.0	2	0.0000	360.0000	NaN	NaN	NaN	NaN	NaN	0
35021	58.8833	10.8333	8183	20.0	3	0.0000	360.0000	NaN	NaN	NaN	NaN	NaN	0
35021	58.8833	10.8333	8183	20.0	4	0.0000	360.0000	NaN	NaN	NaN	NaN	NaN	0
35021	58.8833	10.8333	8183	20.0	5	0.0000	360.0000	NaN	NaN	NaN	NaN	NaN	0
35021	58.8833	10.8333	8183	20.0	6	0.0000	360.0000	NaN	NaN	NaN	NaN	NaN	0
35021	58.8833	10.8333	8183	20.0	7	0.0000	360.0000	NaN	NaN	NaN	NaN	NaN	0
35021	58.8833	10.8333	8183	20.0	8	0.0000	360.0000	NaN	NaN	NaN	NaN	NaN	0
35021	58.8833	10.8333	8183	20.0	9	0.0000	360.0000	NaN	NaN	NaN	NaN	NaN	0
35021	58.8833	10.8333	8183	20.0	10	0.0000	360.0000	NaN	NaN	NaN	NaN	NaN	0
35021	58.8833	10.8333	8183	20.0	11	0.0000	360.0000	NaN	NaN	NaN	NaN	NaN	0
35021	58.8833	10.8333	8183	20.0	12	0.0000	360.0000	NaN	NaN	NaN	NaN	NaN	0
35021	58.8833	10.8333	8183	30.0	1	0.0000	360.0000	NaN	NaN	NaN	NaN	NaN	126
35021	58.8833	10.8333	8183	30.0	2	0.0000	360.0000	NaN	NaN	NaN	NaN	NaN	84
35021	58.8833	10.8333	8183	30.0	3	0.0000	360.0000	NaN	NaN	NaN	NaN	NaN	98
35021	58.8833	10.8333	8183	30.0	4	0.0000	360.0000	NaN	NaN	NaN	NaN	NaN	116
35021	58.8833	10.8333	8183	30.0	5	0.0000	360.0000	NaN	NaN	NaN	NaN	NaN	129
35021	58.8833	10.8333	8183	30.0	6	0.0000	360.0000	NaN	NaN	NaN	NaN	NaN	113
35021	58.8833	10.8333	8183	30.0	7	0.0000	360.0000	NaN	NaN	NaN	NaN	NaN	120
35021	58.8833	10.8333	8183	30.0	8	0.0000	360.0000	NaN	NaN	NaN	NaN	NaN	137
35021	58.8833	10.8333	8183	30.0	9	0.0000	360.0000	NaN	NaN	NaN	NaN	NaN	123
35021	58.8833	10.8333	8183	30.0	10	0.0000	360.0000	NaN	NaN	NaN	NaN	NaN	128
35021	58.8833	10.8333	8183	30.0	11	0.0000	360.0000	NaN	NaN	NaN	NaN	NaN	136
35021	58.8833	10.8333	8183	30.0	12	0.0000	360.0000	NaN	NaN	NaN	NaN	NaN	138
35021	58.8833	10.8333	8183	40.0	1	0.0000	360.0000	NaN	NaN	NaN	NaN	NaN	0
35021	58.8833	10.8333	8183	40.0	2	0.0000	360.0000	NaN	NaN	NaN	NaN	NaN	0
35021	58.8833	10.8333	8183	40.0	3	0.0000	360.0000	NaN	NaN	NaN	NaN	NaN	0
35021	58.8833	10.8333	8183	40.0	4	0.0000	360.0000	NaN	NaN	NaN	NaN	NaN	0
35021	58.8833	10.8333	8183	40.0	5	0.0000	360.0000	NaN	NaN	NaN	NaN	NaN	0
35021	58.8833	10.8333	8183	40.0	6	0.0000	360.0000	NaN	NaN	NaN	NaN	NaN	0
35021	58.8833	10.8333	8183	40.0	7	0.0000	360.0000	NaN	NaN	NaN	NaN	NaN	0
35021	58.8833	10.8333	8183	40.0	8	0.0000	360.0000	NaN	NaN	NaN	NaN	NaN	0
35021	58.8833	10.8333	8183	40.0	9	0.0000	360.0000	NaN	NaN	NaN	NaN	NaN	0
35021	58.8833	10.8333	8183	40.0	10	0.0000	360.0000	NaN	NaN	NaN	NaN	NaN	0
35021	58.8833	10.8333	8183	40.0	11	0.0000	360.0000	NaN	NaN	NaN	NaN	NaN	0
35021	58.8833	10.8333	8183	40.0	12	0.0000	360.0000	NaN	NaN	NaN	NaN	NaN	0
