1	8179	3.0	1	-0.3300	12.5070	1.0496	1.0623	0.05	0.1	180	60	0.005	3	1500	0.1	96175
1	8179	3.0	2	-0.3200	12.3390	0.5702	0.6361	0.2	0.3	180	60	0.005	3	1500	0.1	82487
1	8179	3.0	3	-0.4010	6.7550	0.4475	0.7829	0.05	0.1	180	60	0.005	3	1500	0.1	94245
1	8179	3.0	4	-0.3950	4.1920	0.6435	0.5754	0.05	0.1	180	60	0.005	3	1500	0.1	94613
1	8179	3.0	5	-0.3220	14.0820	3.0742	2.3367	0.05	0.1	180	60	0.005	3	1500	0.1	97215
1	8179	3.0	6	2.0010	19.5060	9.3392	3.2749	0.05	0.1	180	60	0.005	3	1500	0.1	90381
1	8179	3.0	7	6.3620	23.9280	15.1518	2.9439	0.05	0.1	180	60	0.005	3	1500	0.1	94444
1	8179	3.0	8	10.8720	22.8300	16.5238	1.6847	0.05	0.1	180	60	0.005	3	1500	0.1	98058
1	8179	3.0	9	5.8690	19.7960	13.2445	1.9821	0.05	0.1	180	60	0.015	3	1500	0.1	99172
1	8179	3.0	10	1.4370	14.9800	8.0989	1.8188	0.05	0.1	180	60	0.005	3	1500	0.1	103027
1	8179	3.0	11	-0.1470	9.7030	4.9954	1.5966	0.05	0.1	180	60	0.005	3	1500	0.1	100890
1	8179	3.0	12	-0.1990	11.8830	2.8057	1.6447	0.05	0.1	180	60	0.005	3	1500	0.1	100153
2	8179	3.0	1	-0.2700	4.8240	2.2510	1.0243	0.05	0.1	180	60	0.005	3	1500	0.1	96175
2	8179	3.0	2	-0.3020	2.8090	0.8612	0.6367	0.2	0.3	180	60	0.005	3	1500	0.1	82487
2	8179	3.0	3	-0.4540	6.6580	0.8501	0.7750	0.05	0.1	180	60	0.005	3	1500	0.1	94245
2	8179	3.0	4	-0.2900	4.9770	1.4910	1.0312	0.05	0.1	180	60	0.005	3	1500	0.1	94613
2	8179	3.0	5	0.5680	10.5630	4.5176	1.7420	0.05	0.1	180	60	0.005	3	1500	0.1	97215
2	8179	3.0	6	4.3020	16.9230	9.9523	2.4197	0.05	0.1	180	60	0.005	3	1500	0.1	90381
2	8179	3.0	7	8.3950	23.5230	15.4499	2.5436	0.05	0.1	180	60	0.005	3	1500	0.1	94444
2	8179	3.0	8	10.8610	21.9660	17.0998	1.5996	0.05	0.1	180	60	0.005	3	1500	0.1	98058
2	8179	3.0	9	8.7420	17.4280	13.7294	1.9536	0.05	0.1	180	60	0.005	3	1500	0.1	99172
2	8179	3.0	10	4.1750	15.1880	9.4502	1.6809	0.05	0.1	180	60	0.005	3	1500	0.1	103027
2	8179	3.0	11	2.7400	11.2320	6.6493	1.2468	0.05	0.1	180	60	0.005	3	1500	0.1	100890
2	8179	3.0	12	-0.2880	12.0720	4.4458	1.3939	0.05	0.1	180	60	0.005	3	1500	0.1	100153
3	8179	3.0	1	0.5330	10.9260	4.0939	0.9518	0.011	0.012	180	60	0.001	3	1500	0.1	97099
3	8179	3.0	2	-0.3420	12.8740	2.1314	0.9353	0.2	0.3	180	60	0.001	3	1500	0.1	88354
3	8179	3.0	3	-0.3600	9.2530	2.2875	1.1794	0.012	0.013	180	60	0.001	3	1500	0.1	95527
3	8179	3.0	4	0.2200	9.0560	3.5828	1.5052	0.012	0.013	180	60	0.001	3	1500	0.1	92850
3	8179	3.0	5	2.3870	15.0660	7.1068	2.0786	0.015	0.016	180	60	0.001	3	1500	0.1	99762
3	8179	3.0	6	4.2620	21.2190	12.1794	2.2158	0.011	0.012	180	60	0.001	3	1500	0.1	97646
3	8179	3.0	7	7.9490	24.4630	17.0620	2.2137	0.012	0.013	180	60	0.001	3	1500	0.1	100269
3	8179	3.0	8	6.0280	22.6740	18.0106	1.6858	0.012	0.013	180	60	0.001	3	1500	0.1	101906
3	8179	3.0	9	5.1770	19.0920	15.1410	2.0358	0.011	0.012	180	60	0.001	3	1500	0.1	97725
3	8179	3.0	10	4.2500	16.8780	11.6885	1.8356	0.012	0.013	180	60	0.001	3	1500	0.1	113194
3	8179	3.0	11	3.8720	13.6340	8.7370	1.5734	0.013	0.015	180	60	0.001	3	1500	0.1	107833
3	8179	3.0	12	2.3330	13.5580	6.0236	1.2248	0.017	0.019	180	60	0.001	3	1500	0.1	102561
4	8179	3.0	1	0.1660	5.9630	3.1698	1.1883	0.05	0.1	180	60	0.005	3	1500	0.1	96175
4	8179	3.0	2	-0.6780	11.9830	1.4117	1.1387	0.2	0.3	180	60	0.005	3	1500	0.1	82487
4	8179	3.0	3	-0.4140	7.7900	2.9900	1.8339	0.05	0.1	180	60	0.005	3	1500	0.1	94245
4	8179	3.0	4	1.0310	11.6270	5.8175	1.9143	0.05	0.1	180	60	0.005	3	1500	0.1	94613
4	8179	3.0	5	4.9820	16.9920	9.9390	1.9849	0.05	0.1	180	60	0.005	3	1500	0.1	97215
4	8179	3.0	6	9.0530	24.0520	14.4746	1.7428	0.05	0.1	180	60	0.005	3	1500	0.1	90381
4	8179	3.0	7	10.4700	23.0880	17.9920	1.8858	0.05	0.1	180	60	0.005	3	1500	0.1	94444
4	8179	3.0	8	8.9670	22.2140	18.0379	1.6770	0.05	0.1	180	60	0.005	3	1500	0.1	98058
4	8179	3.0	9	12.4470	18.4750	15.7285	1.2297	0.05	0.1	180	60	0.005	3	1500	0.1	99172
4	8179	3.0	10	6.9860	19.5070	12.6711	1.5913	0.05	0.1	180	60	0.005	3	1500	0.1	103027
4	8179	3.0	11	4.2660	14.0830	9.4907	1.4426	0.05	0.1	180	60	0.005	3	1500	0.1	100890
4	8179	3.0	12	0.6990	12.0030	6.1919	1.6643	0.05	0.1	180	60	0.005	3	1500	0.1	100153
5	8179	3.0	1	-0.7490	11.7880	2.5738	1.6716	0.05	0.1	180	60	0.005	3	1500	0.1	96175
5	8179	3.0	2	-1.1290	5.7660	1.0552	1.2537	0.2	0.3	180	60	0.005	3	1500	0.1	82487
5	8179	3.0	3	-0.9410	6.7040	2.6908	1.9043	0.05	0.1	180	60	0.005	3	1500	0.1	94245
5	8179	3.0	4	1.8360	12.3700	6.5990	2.0993	0.05	0.1	180	60	0.005	3	1500	0.1	94613
5	8179	3.0	5	7.1030	16.8320	11.2442	2.2938	0.05	0.1	180	60	0.005	3	1500	0.1	97215
5	8179	3.0	6	11.5030	24.7100	15.5287	1.4619	0.05	0.1	180	60	0.005	3	1500	0.1	90381
5	8179	3.0	7	14.9150	23.4100	18.8103	1.5629	0.05	0.1	180	60	0.005	3	1500	0.1	94444
5	8179	3.0	8	14.5730	22.8020	18.8383	1.4197	0.05	0.1	180	60	0.005	3	1500	0.1	98058
5	8179	3.0	9	12.3650	19.1350	15.5231	1.2651	0.05	0.1	180	60	0.005	3	1500	0.1	99172
5	8179	3.0	10	7.7280	18.0170	12.2534	1.4460	0.05	0.1	180	60	0.005	3	1500	0.1	103027
5	8179	3.0	11	2.9450	13.7150	8.7950	1.6885	0.05	0.1	180	60	0.005	3	1500	0.1	100890
5	8179	3.0	12	0.3210	12.0200	4.5222	2.1877	0.05	0.1	180	60	0.005	3	1500	0.1	100153
