38003	65.0000	23.7500	8179	3.0	1	-2.0000	30.0000	NaN	NaN	0	1
38003	65.0000	23.7500	8179	3.0	2	-2.0000	30.0000	NaN	NaN	0	1
38003	65.0000	23.7500	8179	3.0	3	-0.0930	0.1650	0.0500	0.0812	256	1
38003	65.0000	23.7500	8179	3.0	4	-2.0000	30.0000	NaN	NaN	0	1
38003	65.0000	23.7500	8179	3.0	5	0.7200	2.4680	1.3886	0.4496	224	1
38003	65.0000	23.7500	8179	3.0	6	2.5910	11.2420	7.1306	2.5700	597	1
38003	65.0000	23.7500	8179	3.0	7	10.9100	14.7050	12.9151	1.3405	510	1
38003	65.0000	23.7500	8179	3.0	8	14.7160	16.8060	16.2582	0.5483	730	1
38003	65.0000	23.7500	8179	3.0	9	12.1590	15.8830	14.0239	1.2426	519	1
38003	65.0000	23.7500	8179	3.0	10	8.8040	11.8330	10.1735	0.9223	497	1
38003	65.0000	23.7500	8179	3.0	11	5.1330	8.5790	6.8867	1.1821	557	1
38003	65.0000	23.7500	8179	3.0	12	3.6150	4.6470	4.1799	0.3647	235	1
38003	64.5000	22.8333	8179	3.0	1	-2.0000	30.0000	NaN	NaN	0	2
38003	64.5000	22.8333	8179	3.0	2	-2.0000	30.0000	NaN	NaN	0	2
38003	64.5000	22.8333	8179	3.0	3	0.0110	0.7200	0.4503	0.1713	302	2
38003	64.5000	22.8333	8179	3.0	4	0.7330	1.3590	1.0789	0.1544	213	2
38003	64.5000	22.8333	8179	3.0	5	1.1550	2.0390	1.6422	0.2374	301	2
38003	64.5000	22.8333	8179	3.0	6	2.7340	8.5900	5.0464	1.8008	842	2
38003	64.5000	22.8333	8179	3.0	7	9.4950	15.6660	12.7326	1.8323	628	2
38003	64.5000	22.8333	8179	3.0	8	14.9290	16.6250	15.9329	0.4454	765	2
38003	64.5000	22.8333	8179	3.0	9	11.9670	15.6860	13.9546	1.0556	693	2
38003	64.5000	22.8333	8179	3.0	10	7.2220	10.1520	8.7607	0.9179	651	2
38003	64.5000	22.8333	8179	3.0	11	4.2090	6.7880	5.6223	0.8603	749	2
38003	64.5000	22.8333	8179	3.0	12	3.9190	4.8390	4.3383	0.2980	339	2
38003	63.8333	21.5000	8179	3.0	1	-2.0000	30.0000	NaN	NaN	0	3
38003	63.8333	21.5000	8179	3.0	2	-2.0000	30.0000	NaN	NaN	0	3
38003	63.8333	21.5000	8179	3.0	3	0.5480	0.7560	0.6508	0.0508	478	3
38003	63.8333	21.5000	8179	3.0	4	1.4220	2.1380	1.7611	0.1720	411	3
38003	63.8333	21.5000	8179	3.0	5	1.9730	4.5860	2.7274	0.7472	625	3
38003	63.8333	21.5000	8179	3.0	6	3.9870	9.8890	6.3856	1.9244	1354	3
38003	63.8333	21.5000	8179	3.0	7	8.7510	15.6940	13.3153	2.0085	1281	3
38003	63.8333	21.5000	8179	3.0	8	15.1800	18.2920	16.7404	0.7110	1139	3
38003	63.8333	21.5000	8179	3.0	9	11.3390	16.9130	14.9068	1.4493	1110	3
38003	63.8333	21.5000	8179	3.0	10	6.2590	11.0460	8.4489	1.4352	1172	3
38003	63.8333	21.5000	8179	3.0	11	4.3040	5.9910	5.1309	0.3694	1309	3
38003	63.8333	21.5000	8179	3.0	12	3.9100	5.1480	4.5414	0.3456	591	3
38003	63.3083	20.3333	8179	3.0	1	-2.0000	30.0000	NaN	NaN	0	4
38003	63.3083	20.3333	8179	3.0	2	-2.0000	30.0000	NaN	NaN	0	4
38003	63.3083	20.3333	8179	3.0	3	0.8300	2.0410	1.2644	0.2341	437	4
38003	63.3083	20.3333	8179	3.0	4	2.6300	3.6110	3.0090	0.2215	365	4
38003	63.3083	20.3333	8179	3.0	5	3.1250	7.0180	4.8167	1.5061	303	4
38003	63.3083	20.3333	8179	3.0	6	6.0860	12.9380	9.1101	1.9085	1000	4
38003	63.3083	20.3333	8179	3.0	7	13.0000	16.6820	14.5806	0.8716	786	4
38003	63.3083	20.3333	8179	3.0	8	15.6650	18.4090	17.0398	0.7153	826	4
38003	63.3083	20.3333	8179	3.0	9	12.9360	16.2760	14.2790	1.0022	760	4
38003	63.3083	20.3333	8179	3.0	10	8.1730	11.5840	9.3205	0.8950	984	4
38003	63.3083	20.3333	8179	3.0	11	5.3070	8.4970	7.6193	0.8769	1085	4
38003	63.3083	20.3333	8179	3.0	12	4.8260	7.0820	6.1322	0.7102	486	4
38003	62.6667	20.0833	8179	3.0	1	-2.0000	30.0000	NaN	NaN	0	5
38003	62.6667	20.0833	8179	3.0	2	-2.0000	30.0000	NaN	NaN	0	5
38003	62.6667	20.0833	8179	3.0	3	1.8600	2.1510	2.0302	0.0522	456	5
38003	62.6667	20.0833	8179	3.0	4	2.4780	3.6600	3.0231	0.3404	375	5
38003	62.6667	20.0833	8179	3.0	5	3.4320	5.4010	4.3794	0.7400	340	5
38003	62.6667	20.0833	8179	3.0	6	5.1880	12.2370	8.2661	2.2307	1041	5
38003	62.6667	20.0833	8179	3.0	7	12.0780	16.1600	14.0833	0.8827	804	5
38003	62.6667	20.0833	8179	3.0	8	14.6930	18.6970	17.0355	1.1084	880	5
38003	62.6667	20.0833	8179	3.0	9	12.8850	16.4800	14.7064	1.0149	750	5
38003	62.6667	20.0833	8179	3.0	10	9.2280	12.2630	10.5387	0.8547	1036	5
38003	62.6667	20.0833	8179	3.0	11	6.5930	9.1940	8.2466	0.6950	1087	5
38003	62.6667	20.0833	8179	3.0	12	6.2120	7.7000	6.8358	0.3753	485	5
38003	62.0000	19.6667	8179	3.0	1	-2.0000	30.0000	NaN	NaN	0	6
38003	62.0000	19.6667	8179	3.0	2	-2.0000	30.0000	NaN	NaN	0	6
38003	62.0000	19.6667	8179	3.0	3	2.0890	2.2950	2.1780	0.0559	337	6
38003	62.0000	19.6667	8179	3.0	4	2.6650	3.2350	2.9243	0.1560	337	6
38003	62.0000	19.6667	8179	3.0	5	3.1900	5.6300	4.2449	0.9265	329	6
38003	62.0000	19.6667	8179	3.0	6	5.1070	12.0380	8.1651	2.3038	1046	6
38003	62.0000	19.6667	8179	3.0	7	12.8220	15.7980	14.3686	0.7091	797	6
38003	62.0000	19.6667	8179	3.0	8	14.8570	18.1940	16.8797	1.1611	885	6
38003	62.0000	19.6667	8179	3.0	9	12.7050	16.1870	14.4043	1.1336	727	6
38003	62.0000	19.6667	8179	3.0	10	9.1350	12.2620	10.6727	0.8660	1021	6
38003	62.0000	19.6667	8179	3.0	11	5.4190	9.0940	7.3704	1.0477	1079	6
38003	62.0000	19.6667	8179	3.0	12	4.3870	5.9280	4.9300	0.3269	497	6
38003	61.0833	19.2500	8179	3.0	1	-2.0000	30.0000	NaN	NaN	0	7
38003	61.0833	19.2500	8179	3.0	2	-2.0000	30.0000	NaN	NaN	0	7
38003	61.0833	19.2500	8179	3.0	3	1.9940	2.3220	2.1522	0.0723	344	7
38003	61.0833	19.2500	8179	3.0	4	2.7620	3.3740	3.0457	0.1706	380	7
38003	61.0833	19.2500	8179	3.0	5	3.3210	6.0690	4.3729	1.1019	324	7
38003	61.0833	19.2500	8179	3.0	6	5.4440	11.5830	8.6024	2.0052	1027	7
38003	61.0833	19.2500	8179	3.0	7	12.9420	15.8420	14.6483	0.8928	798	7
38003	61.0833	19.2500	8179	3.0	8	14.8240	18.4390	16.7195	1.3051	745	7
38003	61.0833	19.2500	8179	3.0	9	13.0250	16.2880	14.4642	0.9459	737	7
38003	61.0833	19.2500	8179	3.0	10	9.3240	12.5360	10.8695	0.9259	1062	7
38003	61.0833	19.2500	8179	3.0	11	5.7920	9.2100	8.0904	0.9466	1094	7
38003	61.0833	19.2500	8179	3.0	12	5.1060	6.0610	5.6335	0.2100	471	7
38003	60.1000	19.1667	8179	3.0	1	-2.0000	30.0000	NaN	NaN	0	8
38003	60.1000	19.1667	8179	3.0	2	-2.0000	30.0000	NaN	NaN	0	8
38003	60.1000	19.1667	8179	3.0	3	2.0800	2.6950	2.4344	0.1409	506	8
38003	60.1000	19.1667	8179	3.0	4	3.6720	4.6130	4.0788	0.2549	464	8
38003	60.1000	19.1667	8179	3.0	5	4.2640	7.6610	5.9476	1.1538	626	8
38003	60.1000	19.1667	8179	3.0	6	6.1600	13.6130	9.8823	1.9592	1144	8
38003	60.1000	19.1667	8179	3.0	7	11.3460	17.1750	15.0605	1.2471	1161	8
38003	60.1000	19.1667	8179	3.0	8	14.9800	18.4950	17.1699	1.0604	1136	8
38003	60.1000	19.1667	8179	3.0	9	12.9150	16.4680	14.5419	0.9592	1023	8
38003	60.1000	19.1667	8179	3.0	10	9.9670	13.0710	11.2571	0.5835	1221	8
38003	60.1000	19.1667	8179	3.0	11	7.0740	10.2940	8.5534	0.9721	1338	8
38003	60.1000	19.1667	8179	3.0	12	5.6690	7.1650	6.4179	0.4124	564	8
38003	59.5000	19.9167	8179	3.0	1	-2.0000	30.0000	NaN	NaN	0	9
38003	59.5000	19.9167	8179	3.0	2	-2.0000	30.0000	NaN	NaN	0	9
38003	59.5000	19.9167	8179	3.0	3	2.8140	3.2530	3.0507	0.1066	287	9
38003	59.5000	19.9167	8179	3.0	4	3.6380	5.3210	4.3900	0.5339	308	9
38003	59.5000	19.9167	8179	3.0	5	4.7360	8.1720	6.5890	1.2290	320	9
38003	59.5000	19.9167	8179	3.0	6	7.5510	14.0600	10.3976	2.2494	692	9
38003	59.5000	19.9167	8179	3.0	7	13.7630	16.5190	14.9666	0.7298	718	9
38003	59.5000	19.9167	8179	3.0	8	15.0880	18.7500	17.4198	1.1576	648	9
38003	59.5000	19.9167	8179	3.0	9	13.3210	16.9080	15.1427	1.2717	648	9
38003	59.5000	19.9167	8179	3.0	10	10.6140	13.6860	11.8766	0.7684	692	9
38003	59.5000	19.9167	8179	3.0	11	6.9070	10.7050	9.0878	1.0028	704	9
38003	59.5000	19.9167	8179	3.0	12	5.9060	6.8990	6.4211	0.3147	288	9
38003	59.0000	19.4167	8179	3.0	1	-2.0000	30.0000	NaN	NaN	0	10
38003	59.0000	19.4167	8179	3.0	2	-2.0000	30.0000	NaN	NaN	0	10
38003	59.0000	19.4167	8179	3.0	3	3.3630	3.6100	3.4662	0.0478	397	10
38003	59.0000	19.4167	8179	3.0	4	4.2400	5.7730	4.7043	0.3206	364	10
38003	59.0000	19.4167	8179	3.0	5	5.3220	8.5860	6.8937	1.0690	519	10
38003	59.0000	19.4167	8179	3.0	6	7.8510	13.8960	10.9719	2.0271	927	10
38003	59.0000	19.4167	8179	3.0	7	14.3300	17.0870	15.6480	0.7460	952	10
38003	59.0000	19.4167	8179	3.0	8	15.7170	19.0460	17.8154	0.9994	897	10
38003	59.0000	19.4167	8179	3.0	9	14.1960	17.3890	15.5813	0.9077	821	10
38003	59.0000	19.4167	8179	3.0	10	10.9210	14.6190	12.5563	0.9805	960	10
38003	59.0000	19.4167	8179	3.0	11	7.7830	11.1790	9.6215	1.1762	1031	10
38003	59.0000	19.4167	8179	3.0	12	6.3440	7.8190	7.3078	0.3683	444	10
38003	58.5000	18.9167	8179	3.0	1	-2.0000	30.0000	NaN	NaN	0	11
38003	58.5000	18.9167	8179	3.0	2	-2.0000	30.0000	NaN	NaN	0	11
38003	58.5000	18.9167	8179	3.0	3	3.3700	3.6220	3.4876	0.0599	435	11
38003	58.5000	18.9167	8179	3.0	4	4.6620	6.0060	5.2610	0.3681	368	11
38003	58.5000	18.9167	8179	3.0	5	5.2080	10.0230	7.2782	1.6930	655	11
38003	58.5000	18.9167	8179	3.0	6	8.1950	13.8650	11.3008	1.8112	1015	11
38003	58.5000	18.9167	8179	3.0	7	15.0210	17.6530	16.1354	0.6570	1044	11
38003	58.5000	18.9167	8179	3.0	8	15.7970	18.8740	17.7649	0.8836	982	11
38003	58.5000	18.9167	8179	3.0	9	14.8740	17.6070	16.0152	1.0108	774	11
38003	58.5000	18.9167	8179	3.0	10	11.3680	14.5300	12.7504	0.9304	1181	11
38003	58.5000	18.9167	8179	3.0	11	7.6360	11.3280	9.8333	1.0485	1152	11
38003	58.5000	18.9167	8179	3.0	12	6.3380	7.5460	6.9578	0.3962	493	11
38003	58.0000	18.4167	8179	3.0	1	-2.0000	30.0000	NaN	NaN	0	12
38003	58.0000	18.4167	8179	3.0	2	-2.0000	30.0000	NaN	NaN	0	12
38003	58.0000	18.4167	8179	3.0	3	3.3920	3.6970	3.4899	0.0665	396	12
38003	58.0000	18.4167	8179	3.0	4	4.7150	6.1580	5.1849	0.4220	300	12
38003	58.0000	18.4167	8179	3.0	5	5.7880	10.2130	7.5195	1.4800	666	12
38003	58.0000	18.4167	8179	3.0	6	9.0530	15.1600	11.6018	1.7000	903	12
38003	58.0000	18.4167	8179	3.0	7	14.2290	17.6210	15.9492	0.8395	883	12
38003	58.0000	18.4167	8179	3.0	8	15.5270	18.6230	17.6796	0.8433	863	12
38003	58.0000	18.4167	8179	3.0	9	10.2340	17.4190	15.8105	1.3266	671	12
38003	58.0000	18.4167	8179	3.0	10	11.2580	14.5300	12.8519	0.9835	1011	12
38003	58.0000	18.4167	8179	3.0	11	8.2470	11.2090	9.9709	0.9874	1033	12
38003	58.0000	18.4167	8179	3.0	12	6.3840	7.6800	6.8643	0.3657	465	12
38003	57.1167	17.6667	8179	3.0	1	-2.0000	30.0000	NaN	NaN	0	13
38003	57.1167	17.6667	8179	3.0	2	-2.0000	30.0000	NaN	NaN	0	13
38003	57.1167	17.6667	8179	3.0	3	3.4240	3.5960	3.5345	0.0433	197	13
38003	57.1167	17.6667	8179	3.0	4	4.8220	5.6060	5.1675	0.1874	123	13
38003	57.1167	17.6667	8179	3.0	5	5.2410	9.6780	7.1899	1.6357	363	13
38003	57.1167	17.6667	8179	3.0	6	9.1080	14.7010	12.5613	1.7584	466	13
38003	57.1167	17.6667	8179	3.0	7	15.0790	18.0450	16.4096	0.9087	477	13
38003	57.1167	17.6667	8179	3.0	8	15.4110	19.3390	18.0568	1.2980	467	13
38003	57.1167	17.6667	8179	3.0	9	15.2040	18.1860	16.3265	1.0782	364	13
38003	57.1167	17.6667	8179	3.0	10	10.9920	14.9060	12.7672	1.2509	559	13
38003	57.1167	17.6667	8179	3.0	11	7.4990	11.2470	9.6969	1.1162	553	13
38003	57.1167	17.6667	8179	3.0	12	6.8350	7.8540	7.4252	0.3704	249	13
38003	56.3167	16.9167	8179	3.0	1	-2.0000	30.0000	NaN	NaN	0	14
38003	56.3167	16.9167	8179	3.0	2	-2.0000	30.0000	NaN	NaN	0	14
38003	56.3167	16.9167	8179	3.0	3	3.7350	4.4790	3.9673	0.2190	354	14
38003	56.3167	16.9167	8179	3.0	4	4.8170	5.9750	5.2298	0.3076	406	14
38003	56.3167	16.9167	8179	3.0	5	5.3010	9.4210	7.1998	1.4694	778	14
38003	56.3167	16.9167	8179	3.0	6	9.2490	14.2580	11.8201	1.4400	1081	14
38003	56.3167	16.9167	8179	3.0	7	10.8220	19.5910	15.4051	1.8423	1124	14
38003	56.3167	16.9167	8179	3.0	8	13.7990	18.6130	17.4020	1.2956	1071	14
38003	56.3167	16.9167	8179	3.0	9	15.4430	18.0170	16.4222	0.9210	647	14
38003	56.3167	16.9167	8179	3.0	10	11.3760	15.2620	12.7248	1.1092	1392	14
38003	56.3167	16.9167	8179	3.0	11	7.8800	11.5070	9.9591	1.2368	965	14
38003	56.3167	16.9167	8179	3.0	12	6.5100	7.5240	7.0692	0.3258	532	14
38003	55.5833	15.3333	8179	3.0	1	-2.0000	30.0000	NaN	NaN	0	15
38003	55.5833	15.3333	8179	3.0	2	-2.0000	30.0000	NaN	NaN	0	15
38003	55.5833	15.3333	8179	3.0	3	4.0480	4.7100	4.2546	0.1194	323	15
38003	55.5833	15.3333	8179	3.0	4	5.8800	6.7520	6.1918	0.2518	270	15
38003	55.5833	15.3333	8179	3.0	5	5.7970	10.5120	8.0709	1.6001	663	15
38003	55.5833	15.3333	8179	3.0	6	10.7600	15.1960	13.1942	1.2973	851	15
38003	55.5833	15.3333	8179	3.0	7	13.2920	18.3150	15.4403	1.3134	862	15
38003	55.5833	15.3333	8179	3.0	8	13.0930	18.2840	17.1053	1.3358	872	15
38003	55.5833	15.3333	8179	3.0	9	15.2340	17.8990	16.5185	0.9242	622	15
38003	55.5833	15.3333	8179	3.0	10	11.5750	15.5980	13.1902	1.2872	1112	15
38003	55.5833	15.3333	8179	3.0	11	9.3450	11.7360	10.5537	0.7692	875	15
38003	55.5833	15.3333	8179	3.0	12	8.0340	9.0180	8.5513	0.3299	403	15
38003	55.1167	14.0833	8179	3.0	1	-2.0000	30.0000	NaN	NaN	0	16
38003	55.1167	14.0833	8179	3.0	2	-2.0000	30.0000	NaN	NaN	0	16
38003	55.1167	14.0833	8179	3.0	3	3.9670	4.8520	4.2683	0.2199	550	16
38003	55.1167	14.0833	8179	3.0	4	5.9430	7.5530	6.9365	0.3697	473	16
38003	55.1167	14.0833	8179	3.0	5	7.2360	10.9570	8.9156	1.0808	782	16
38003	55.1167	14.0833	8179	3.0	6	10.2220	14.2320	12.4574	1.0385	1082	16
38003	55.1167	14.0833	8179	3.0	7	10.2240	17.3690	14.9211	1.3207	1159	16
38003	55.1167	14.0833	8179	3.0	8	13.7570	18.3310	17.4980	0.8400	1055	16
38003	55.1167	14.0833	8179	3.0	9	15.7280	17.8900	16.7068	0.7065	813	16
38003	55.1167	14.0833	8179	3.0	10	11.9290	15.7630	13.3835	1.3642	1365	16
38003	55.1167	14.0833	8179	3.0	11	8.7330	11.7550	10.6405	1.0451	1113	16
38003	55.1167	14.0833	8179	3.0	12	7.7870	8.8310	8.2774	0.2911	559	16
38003	55.3253	12.7000	8179	3.0	1	-2.0000	30.0000	NaN	NaN	0	17
38003	55.3253	12.7000	8179	3.0	2	-2.0000	30.0000	NaN	NaN	0	17
38003	55.3253	12.7000	8179	3.0	3	-2.0000	30.0000	NaN	NaN	0	17
38003	55.3253	12.7000	8179	3.0	4	-2.0000	30.0000	NaN	NaN	0	17
38003	55.3253	12.7000	8179	3.0	5	-2.0000	30.0000	NaN	NaN	0	17
38003	55.3253	12.7000	8179	3.0	6	-2.0000	30.0000	NaN	NaN	0	17
38003	55.3253	12.7000	8179	3.0	7	-2.0000	30.0000	NaN	NaN	0	17
38003	55.3253	12.7000	8179	3.0	8	-2.0000	30.0000	NaN	NaN	0	17
38003	55.3253	12.7000	8179	3.0	9	-2.0000	30.0000	NaN	NaN	0	17
38003	55.3253	12.7000	8179	3.0	10	-2.0000	30.0000	NaN	NaN	0	17
38003	55.3253	12.7000	8179	3.0	11	-2.0000	30.0000	NaN	NaN	0	17
38003	55.3253	12.7000	8179	3.0	12	-2.0000	30.0000	NaN	NaN	0	17
38003	55.5733	12.7667	8179	3.0	1	-2.0000	30.0000	NaN	NaN	0	18
38003	55.5733	12.7667	8179	3.0	2	-2.0000	30.0000	NaN	NaN	0	18
38003	55.5733	12.7667	8179	3.0	3	-2.0000	30.0000	NaN	NaN	0	18
38003	55.5733	12.7667	8179	3.0	4	-2.0000	30.0000	NaN	NaN	0	18
38003	55.5733	12.7667	8179	3.0	5	-2.0000	30.0000	NaN	NaN	0	18
38003	55.5733	12.7667	8179	3.0	6	-2.0000	30.0000	NaN	NaN	0	18
38003	55.5733	12.7667	8179	3.0	7	-2.0000	30.0000	NaN	NaN	0	18
38003	55.5733	12.7667	8179	3.0	8	-2.0000	30.0000	NaN	NaN	0	18
38003	55.5733	12.7667	8179	3.0	9	-2.0000	30.0000	NaN	NaN	0	18
38003	55.5733	12.7667	8179	3.0	10	-2.0000	30.0000	NaN	NaN	0	18
38003	55.5733	12.7667	8179	3.0	11	-2.0000	30.0000	NaN	NaN	0	18
38003	55.5733	12.7667	8179	3.0	12	-2.0000	30.0000	NaN	NaN	0	18
38003	55.8667	12.7500	8179	3.0	1	-2.0000	30.0000	NaN	NaN	0	19
38003	55.8667	12.7500	8179	3.0	2	-2.0000	30.0000	NaN	NaN	0	19
38003	55.8667	12.7500	8179	3.0	3	-2.0000	30.0000	NaN	NaN	0	19
38003	55.8667	12.7500	8179	3.0	4	-2.0000	30.0000	NaN	NaN	0	19
38003	55.8667	12.7500	8179	3.0	5	-2.0000	30.0000	NaN	NaN	0	19
38003	55.8667	12.7500	8179	3.0	6	-2.0000	30.0000	NaN	NaN	0	19
38003	55.8667	12.7500	8179	3.0	7	-2.0000	30.0000	NaN	NaN	0	19
38003	55.8667	12.7500	8179	3.0	8	-2.0000	30.0000	NaN	NaN	0	19
38003	55.8667	12.7500	8179	3.0	9	-2.0000	30.0000	NaN	NaN	0	19
38003	55.8667	12.7500	8179	3.0	10	-2.0000	30.0000	NaN	NaN	0	19
38003	55.8667	12.7500	8179	3.0	11	-2.0000	30.0000	NaN	NaN	0	19
38003	55.8667	12.7500	8179	3.0	12	-2.0000	30.0000	NaN	NaN	0	19
38003	56.2333	12.3700	8179	3.0	1	-2.0000	30.0000	NaN	NaN	0	20
38003	56.2333	12.3700	8179	3.0	2	-2.0000	30.0000	NaN	NaN	0	20
38003	56.2333	12.3700	8179	3.0	3	-2.0000	30.0000	NaN	NaN	0	20
38003	56.2333	12.3700	8179	3.0	4	-2.0000	30.0000	NaN	NaN	0	20
38003	56.2333	12.3700	8179	3.0	5	-2.0000	30.0000	NaN	NaN	0	20
38003	56.2333	12.3700	8179	3.0	6	-2.0000	30.0000	NaN	NaN	0	20
38003	56.2333	12.3700	8179	3.0	7	-2.0000	30.0000	NaN	NaN	0	20
38003	56.2333	12.3700	8179	3.0	8	-2.0000	30.0000	NaN	NaN	0	20
38003	56.2333	12.3700	8179	3.0	9	-2.0000	30.0000	NaN	NaN	0	20
38003	56.2333	12.3700	8179	3.0	10	-2.0000	30.0000	NaN	NaN	0	20
38003	56.2333	12.3700	8179	3.0	11	-2.0000	30.0000	NaN	NaN	0	20
38003	56.2333	12.3700	8179	3.0	12	-2.0000	30.0000	NaN	NaN	0	20
38003	56.6667	12.0000	8179	3.0	1	-2.0000	30.0000	NaN	NaN	0	21
38003	56.6667	12.0000	8179	3.0	2	-2.0000	30.0000	NaN	NaN	0	21
38003	56.6667	12.0000	8179	3.0	3	-2.0000	30.0000	NaN	NaN	0	21
38003	56.6667	12.0000	8179	3.0	4	-2.0000	30.0000	NaN	NaN	0	21
38003	56.6667	12.0000	8179	3.0	5	-2.0000	30.0000	NaN	NaN	0	21
38003	56.6667	12.0000	8179	3.0	6	-2.0000	30.0000	NaN	NaN	0	21
38003	56.6667	12.0000	8179	3.0	7	-2.0000	30.0000	NaN	NaN	0	21
38003	56.6667	12.0000	8179	3.0	8	-2.0000	30.0000	NaN	NaN	0	21
38003	56.6667	12.0000	8179	3.0	9	-2.0000	30.0000	NaN	NaN	0	21
38003	56.6667	12.0000	8179	3.0	10	-2.0000	30.0000	NaN	NaN	0	21
38003	56.6667	12.0000	8179	3.0	11	-2.0000	30.0000	NaN	NaN	0	21
38003	56.6667	12.0000	8179	3.0	12	-2.0000	30.0000	NaN	NaN	0	21
38003	57.1917	11.6667	8179	3.0	1	-2.0000	30.0000	NaN	NaN	0	22
38003	57.1917	11.6667	8179	3.0	2	-2.0000	30.0000	NaN	NaN	0	22
38003	57.1917	11.6667	8179	3.0	3	-2.0000	30.0000	NaN	NaN	0	22
38003	57.1917	11.6667	8179	3.0	4	-2.0000	30.0000	NaN	NaN	0	22
38003	57.1917	11.6667	8179	3.0	5	-2.0000	30.0000	NaN	NaN	0	22
38003	57.1917	11.6667	8179	3.0	6	-2.0000	30.0000	NaN	NaN	0	22
38003	57.1917	11.6667	8179	3.0	7	-2.0000	30.0000	NaN	NaN	0	22
38003	57.1917	11.6667	8179	3.0	8	-2.0000	30.0000	NaN	NaN	0	22
38003	57.1917	11.6667	8179	3.0	9	-2.0000	30.0000	NaN	NaN	0	22
38003	57.1917	11.6667	8179	3.0	10	-2.0000	30.0000	NaN	NaN	0	22
38003	57.1917	11.6667	8179	3.0	11	-2.0000	30.0000	NaN	NaN	0	22
38003	57.1917	11.6667	8179	3.0	12	-2.0000	30.0000	NaN	NaN	0	22
38003	57.5500	11.6000	8179	3.0	1	-2.0000	30.0000	NaN	NaN	0	23
38003	57.5500	11.6000	8179	3.0	2	-2.0000	30.0000	NaN	NaN	0	23
38003	57.5500	11.6000	8179	3.0	3	-2.0000	30.0000	NaN	NaN	0	23
38003	57.5500	11.6000	8179	3.0	4	-2.0000	30.0000	NaN	NaN	0	23
38003	57.5500	11.6000	8179	3.0	5	-2.0000	30.0000	NaN	NaN	0	23
38003	57.5500	11.6000	8179	3.0	6	-2.0000	30.0000	NaN	NaN	0	23
38003	57.5500	11.6000	8179	3.0	7	-2.0000	30.0000	NaN	NaN	0	23
38003	57.5500	11.6000	8179	3.0	8	-2.0000	30.0000	NaN	NaN	0	23
38003	57.5500	11.6000	8179	3.0	9	-2.0000	30.0000	NaN	NaN	0	23
38003	57.5500	11.6000	8179	3.0	10	-2.0000	30.0000	NaN	NaN	0	23
38003	57.5500	11.6000	8179	3.0	11	-2.0000	30.0000	NaN	NaN	0	23
38003	57.5500	11.6000	8179	3.0	12	-2.0000	30.0000	NaN	NaN	0	23
38003	57.6380	11.7000	8179	3.0	1	-2.0000	30.0000	NaN	NaN	0	24
38003	57.6380	11.7000	8179	3.0	2	-2.0000	30.0000	NaN	NaN	0	24
38003	57.6380	11.7000	8179	3.0	3	-2.0000	30.0000	NaN	NaN	0	24
38003	57.6380	11.7000	8179	3.0	4	-2.0000	30.0000	NaN	NaN	0	24
38003	57.6380	11.7000	8179	3.0	5	-2.0000	30.0000	NaN	NaN	0	24
38003	57.6380	11.7000	8179	3.0	6	-2.0000	30.0000	NaN	NaN	0	24
38003	57.6380	11.7000	8179	3.0	7	-2.0000	30.0000	NaN	NaN	0	24
38003	57.6380	11.7000	8179	3.0	8	-2.0000	30.0000	NaN	NaN	0	24
38003	57.6380	11.7000	8179	3.0	9	-2.0000	30.0000	NaN	NaN	0	24
38003	57.6380	11.7000	8179	3.0	10	-2.0000	30.0000	NaN	NaN	0	24
38003	57.6380	11.7000	8179	3.0	11	-2.0000	30.0000	NaN	NaN	0	24
38003	57.6380	11.7000	8179	3.0	12	-2.0000	30.0000	NaN	NaN	0	24
