33003	60.9000	18.6167	8525	0.0	1	0.0000	360.0000	NaN	NaN	NaN	NaN	NaN	1643
33003	60.9000	18.6167	8525	0.0	2	0.0000	360.0000	NaN	NaN	NaN	NaN	NaN	1313
33003	60.9000	18.6167	8525	0.0	3	0.0000	360.0000	NaN	NaN	NaN	NaN	NaN	1413
33003	60.9000	18.6167	8525	0.0	4	0.0000	360.0000	NaN	NaN	NaN	NaN	NaN	1440
33003	60.9000	18.6167	8525	0.0	5	0.0000	360.0000	NaN	NaN	NaN	NaN	NaN	2124
33003	60.9000	18.6167	8525	0.0	6	0.0000	360.0000	NaN	NaN	NaN	NaN	NaN	3485
33003	60.9000	18.6167	8525	0.0	7	0.0000	360.0000	NaN	NaN	NaN	NaN	NaN	3647
33003	60.9000	18.6167	8525	0.0	8	0.0000	360.0000	NaN	NaN	NaN	NaN	NaN	3559
33003	60.9000	18.6167	8525	0.0	9	0.0000	360.0000	NaN	NaN	NaN	NaN	NaN	3372
33003	60.9000	18.6167	8525	0.0	10	0.0000	360.0000	NaN	NaN	NaN	NaN	NaN	3651
33003	60.9000	18.6167	8525	0.0	11	0.0000	360.0000	NaN	NaN	NaN	NaN	NaN	3495
33003	60.9000	18.6167	8525	0.0	12	0.0000	360.0000	NaN	NaN	NaN	NaN	NaN	3212
33004	55.9167	18.7833	8525	0.0	1	0.0000	360.0000	NaN	NaN	NaN	NaN	NaN	2885
33004	55.9167	18.7833	8525	0.0	2	0.0000	360.0000	NaN	NaN	NaN	NaN	NaN	2524
33004	55.9167	18.7833	8525	0.0	3	0.0000	360.0000	NaN	NaN	NaN	NaN	NaN	3586
33004	55.9167	18.7833	8525	0.0	4	0.0000	360.0000	NaN	NaN	NaN	NaN	NaN	3206
33004	55.9167	18.7833	8525	0.0	5	0.0000	360.0000	NaN	NaN	NaN	NaN	NaN	3053
33004	55.9167	18.7833	8525	0.0	6	0.0000	360.0000	NaN	NaN	NaN	NaN	NaN	2877
33004	55.9167	18.7833	8525	0.0	7	0.0000	360.0000	NaN	NaN	NaN	NaN	NaN	2703
33004	55.9167	18.7833	8525	0.0	8	0.0000	360.0000	NaN	NaN	NaN	NaN	NaN	1895
33004	55.9167	18.7833	8525	0.0	9	0.0000	360.0000	NaN	NaN	NaN	NaN	NaN	2203
33004	55.9167	18.7833	8525	0.0	10	0.0000	360.0000	NaN	NaN	NaN	NaN	NaN	1986
33004	55.9167	18.7833	8525	0.0	11	0.0000	360.0000	NaN	NaN	NaN	NaN	NaN	2124
33004	55.9167	18.7833	8525	0.0	12	0.0000	360.0000	NaN	NaN	NaN	NaN	NaN	2499
33008	57.5167	17.6167	8525	0.0	1	0.0000	360.0000	NaN	NaN	NaN	NaN	NaN	0
33008	57.5167	17.6167	8525	0.0	2	0.0000	360.0000	NaN	NaN	NaN	NaN	NaN	179
33008	57.5167	17.6167	8525	0.0	3	0.0000	360.0000	NaN	NaN	NaN	NaN	NaN	741
33008	57.5167	17.6167	8525	0.0	4	0.0000	360.0000	NaN	NaN	NaN	NaN	NaN	716
33008	57.5167	17.6167	8525	0.0	5	0.0000	360.0000	NaN	NaN	NaN	NaN	NaN	744
33008	57.5167	17.6167	8525	0.0	6	0.0000	360.0000	NaN	NaN	NaN	NaN	NaN	720
33008	57.5167	17.6167	8525	0.0	7	0.0000	360.0000	NaN	NaN	NaN	NaN	NaN	744
33008	57.5167	17.6167	8525	0.0	8	0.0000	360.0000	NaN	NaN	NaN	NaN	NaN	744
33008	57.5167	17.6167	8525	0.0	9	0.0000	360.0000	NaN	NaN	NaN	NaN	NaN	720
33008	57.5167	17.6167	8525	0.0	10	0.0000	360.0000	NaN	NaN	NaN	NaN	NaN	743
33008	57.5167	17.6167	8525	0.0	11	0.0000	360.0000	NaN	NaN	NaN	NaN	NaN	719
33008	57.5167	17.6167	8525	0.0	12	0.0000	360.0000	NaN	NaN	NaN	NaN	NaN	744
33011	57.2167	11.5667	8525	0.0	1	0.0000	360.0000	NaN	NaN	NaN	NaN	NaN	442
33011	57.2167	11.5667	8525	0.0	2	0.0000	360.0000	NaN	NaN	NaN	NaN	NaN	672
33011	57.2167	11.5667	8525	0.0	3	0.0000	360.0000	NaN	NaN	NaN	NaN	NaN	741
33011	57.2167	11.5667	8525	0.0	4	0.0000	360.0000	NaN	NaN	NaN	NaN	NaN	577
33011	57.2167	11.5667	8525	0.0	5	0.0000	360.0000	NaN	NaN	NaN	NaN	NaN	0
33011	57.2167	11.5667	8525	0.0	6	0.0000	360.0000	NaN	NaN	NaN	NaN	NaN	0
33011	57.2167	11.5667	8525	0.0	7	0.0000	360.0000	NaN	NaN	NaN	NaN	NaN	0
33011	57.2167	11.5667	8525	0.0	8	0.0000	360.0000	NaN	NaN	NaN	NaN	NaN	0
33011	57.2167	11.5667	8525	0.0	9	0.0000	360.0000	NaN	NaN	NaN	NaN	NaN	0
33011	57.2167	11.5667	8525	0.0	10	0.0000	360.0000	NaN	NaN	NaN	NaN	NaN	0
33011	57.2167	11.5667	8525	0.0	11	0.0000	360.0000	NaN	NaN	NaN	NaN	NaN	0
33011	57.2167	11.5667	8525	0.0	12	0.0000	360.0000	NaN	NaN	NaN	NaN	NaN	0
33012	58.9333	19.1667	8525	0.0	1	0.0000	360.0000	NaN	NaN	NaN	NaN	NaN	0
33012	58.9333	19.1667	8525	0.0	2	0.0000	360.0000	NaN	NaN	NaN	NaN	NaN	456
33012	58.9333	19.1667	8525	0.0	3	0.0000	360.0000	NaN	NaN	NaN	NaN	NaN	738
33012	58.9333	19.1667	8525	0.0	4	0.0000	360.0000	NaN	NaN	NaN	NaN	NaN	272
33012	58.9333	19.1667	8525	0.0	5	0.0000	360.0000	NaN	NaN	NaN	NaN	NaN	0
33012	58.9333	19.1667	8525	0.0	6	0.0000	360.0000	NaN	NaN	NaN	NaN	NaN	0
33012	58.9333	19.1667	8525	0.0	7	0.0000	360.0000	NaN	NaN	NaN	NaN	NaN	0
33012	58.9333	19.1667	8525	0.0	8	0.0000	360.0000	NaN	NaN	NaN	NaN	NaN	0
33012	58.9333	19.1667	8525	0.0	9	0.0000	360.0000	NaN	NaN	NaN	NaN	NaN	398
33012	58.9333	19.1667	8525	0.0	10	0.0000	360.0000	NaN	NaN	NaN	NaN	NaN	736
33012	58.9333	19.1667	8525	0.0	11	0.0000	360.0000	NaN	NaN	NaN	NaN	NaN	711
33012	58.9333	19.1667	8525	0.0	12	0.0000	360.0000	NaN	NaN	NaN	NaN	NaN	157
33015	58.4833	10.9333	8525	0.0	1	0.0000	360.0000	NaN	NaN	NaN	NaN	NaN	6181
33015	58.4833	10.9333	8525	0.0	2	0.0000	360.0000	NaN	NaN	NaN	NaN	NaN	3650
33015	58.4833	10.9333	8525	0.0	3	0.0000	360.0000	NaN	NaN	NaN	NaN	NaN	4163
33015	58.4833	10.9333	8525	0.0	4	0.0000	360.0000	NaN	NaN	NaN	NaN	NaN	5562
33015	58.4833	10.9333	8525	0.0	5	0.0000	360.0000	NaN	NaN	NaN	NaN	NaN	6419
33015	58.4833	10.9333	8525	0.0	6	0.0000	360.0000	NaN	NaN	NaN	NaN	NaN	6718
33015	58.4833	10.9333	8525	0.0	7	0.0000	360.0000	NaN	NaN	NaN	NaN	NaN	7130
33015	58.4833	10.9333	8525	0.0	8	0.0000	360.0000	NaN	NaN	NaN	NaN	NaN	6329
33015	58.4833	10.9333	8525	0.0	9	0.0000	360.0000	NaN	NaN	NaN	NaN	NaN	6390
33015	58.4833	10.9333	8525	0.0	10	0.0000	360.0000	NaN	NaN	NaN	NaN	NaN	6845
33015	58.4833	10.9333	8525	0.0	11	0.0000	360.0000	NaN	NaN	NaN	NaN	NaN	6739
33015	58.4833	10.9333	8525	0.0	12	0.0000	360.0000	NaN	NaN	NaN	NaN	NaN	7140
33030	58.1835	11.0153	8525	0.0	1	0.0000	360.0000	NaN	NaN	NaN	NaN	NaN	568
33030	58.1835	11.0153	8525	0.0	2	0.0000	360.0000	NaN	NaN	NaN	NaN	NaN	680
33030	58.1835	11.0153	8525	0.0	3	0.0000	360.0000	NaN	NaN	NaN	NaN	NaN	730
33030	58.1835	11.0153	8525	0.0	4	0.0000	360.0000	NaN	NaN	NaN	NaN	NaN	410
33030	58.1835	11.0153	8525	0.0	5	0.0000	360.0000	NaN	NaN	NaN	NaN	NaN	0
33030	58.1835	11.0153	8525	0.0	6	0.0000	360.0000	NaN	NaN	NaN	NaN	NaN	0
33030	58.1835	11.0153	8525	0.0	7	0.0000	360.0000	NaN	NaN	NaN	NaN	NaN	0
33030	58.1835	11.0153	8525	0.0	8	0.0000	360.0000	NaN	NaN	NaN	NaN	NaN	0
33030	58.1835	11.0153	8525	0.0	9	0.0000	360.0000	NaN	NaN	NaN	NaN	NaN	0
33030	58.1835	11.0153	8525	0.0	10	0.0000	360.0000	NaN	NaN	NaN	NaN	NaN	0
33030	58.1835	11.0153	8525	0.0	11	0.0000	360.0000	NaN	NaN	NaN	NaN	NaN	0
33030	58.1835	11.0153	8525	0.0	12	0.0000	360.0000	NaN	NaN	NaN	NaN	NaN	0
33031	59.0363	18.1205	8525	0.0	1	0.0000	360.0000	NaN	NaN	NaN	NaN	NaN	0
33031	59.0363	18.1205	8525	0.0	2	0.0000	360.0000	NaN	NaN	NaN	NaN	NaN	0
33031	59.0363	18.1205	8525	0.0	3	0.0000	360.0000	NaN	NaN	NaN	NaN	NaN	0
33031	59.0363	18.1205	8525	0.0	4	0.0000	360.0000	NaN	NaN	NaN	NaN	NaN	422
33031	59.0363	18.1205	8525	0.0	5	0.0000	360.0000	NaN	NaN	NaN	NaN	NaN	313
33031	59.0363	18.1205	8525	0.0	6	0.0000	360.0000	NaN	NaN	NaN	NaN	NaN	0
33031	59.0363	18.1205	8525	0.0	7	0.0000	360.0000	NaN	NaN	NaN	NaN	NaN	0
33031	59.0363	18.1205	8525	0.0	8	0.0000	360.0000	NaN	NaN	NaN	NaN	NaN	0
33031	59.0363	18.1205	8525	0.0	9	0.0000	360.0000	NaN	NaN	NaN	NaN	NaN	0
33031	59.0363	18.1205	8525	0.0	10	0.0000	360.0000	NaN	NaN	NaN	NaN	NaN	0
33031	59.0363	18.1205	8525	0.0	11	0.0000	360.0000	NaN	NaN	NaN	NaN	NaN	0
33031	59.0363	18.1205	8525	0.0	12	0.0000	360.0000	NaN	NaN	NaN	NaN	NaN	0
33032	59.0144	18.2253	8525	0.0	1	0.0000	360.0000	NaN	NaN	NaN	NaN	NaN	717
33032	59.0144	18.2253	8525	0.0	2	0.0000	360.0000	NaN	NaN	NaN	NaN	NaN	6
33032	59.0144	18.2253	8525	0.0	3	0.0000	360.0000	NaN	NaN	NaN	NaN	NaN	0
33032	59.0144	18.2253	8525	0.0	4	0.0000	360.0000	NaN	NaN	NaN	NaN	NaN	0
33032	59.0144	18.2253	8525	0.0	5	0.0000	360.0000	NaN	NaN	NaN	NaN	NaN	0
33032	59.0144	18.2253	8525	0.0	6	0.0000	360.0000	NaN	NaN	NaN	NaN	NaN	0
33032	59.0144	18.2253	8525	0.0	7	0.0000	360.0000	NaN	NaN	NaN	NaN	NaN	0
33032	59.0144	18.2253	8525	0.0	8	0.0000	360.0000	NaN	NaN	NaN	NaN	NaN	0
33032	59.0144	18.2253	8525	0.0	9	0.0000	360.0000	NaN	NaN	NaN	NaN	NaN	0
33032	59.0144	18.2253	8525	0.0	10	0.0000	360.0000	NaN	NaN	NaN	NaN	NaN	349
33032	59.0144	18.2253	8525	0.0	11	0.0000	360.0000	NaN	NaN	NaN	NaN	NaN	717
33032	59.0144	18.2253	8525	0.0	12	0.0000	360.0000	NaN	NaN	NaN	NaN	NaN	735
33033	58.2500	11.2167	8525	0.0	1	0.0000	360.0000	NaN	NaN	NaN	NaN	NaN	0
33033	58.2500	11.2167	8525	0.0	2	0.0000	360.0000	NaN	NaN	NaN	NaN	NaN	0
33033	58.2500	11.2167	8525	0.0	3	0.0000	360.0000	NaN	NaN	NaN	NaN	NaN	0
33033	58.2500	11.2167	8525	0.0	4	0.0000	360.0000	NaN	NaN	NaN	NaN	NaN	0
33033	58.2500	11.2167	8525	0.0	5	0.0000	360.0000	NaN	NaN	NaN	NaN	NaN	0
33033	58.2500	11.2167	8525	0.0	6	0.0000	360.0000	NaN	NaN	NaN	NaN	NaN	0
33033	58.2500	11.2167	8525	0.0	7	0.0000	360.0000	NaN	NaN	NaN	NaN	NaN	0
33033	58.2500	11.2167	8525	0.0	8	0.0000	360.0000	NaN	NaN	NaN	NaN	NaN	0
33033	58.2500	11.2167	8525	0.0	9	0.0000	360.0000	NaN	NaN	NaN	NaN	NaN	0
33033	58.2500	11.2167	8525	0.0	10	0.0000	360.0000	NaN	NaN	NaN	NaN	NaN	0
33033	58.2500	11.2167	8525	0.0	11	0.0000	360.0000	NaN	NaN	NaN	NaN	NaN	0
33033	58.2500	11.2167	8525	0.0	12	0.0000	360.0000	NaN	NaN	NaN	NaN	NaN	0
33801	59.2500	21.0000	8525	0.0	1	0.0000	360.0000	NaN	NaN	NaN	NaN	NaN	17022
33801	59.2500	21.0000	8525	0.0	2	0.0000	360.0000	NaN	NaN	NaN	NaN	NaN	13240
33801	59.2500	21.0000	8525	0.0	3	0.0000	360.0000	NaN	NaN	NaN	NaN	NaN	13067
33801	59.2500	21.0000	8525	0.0	4	0.0000	360.0000	NaN	NaN	NaN	NaN	NaN	12531
33801	59.2500	21.0000	8525	0.0	5	0.0000	360.0000	NaN	NaN	NaN	NaN	NaN	18089
33801	59.2500	21.0000	8525	0.0	6	0.0000	360.0000	NaN	NaN	NaN	NaN	NaN	20483
33801	59.2500	21.0000	8525	0.0	7	0.0000	360.0000	NaN	NaN	NaN	NaN	NaN	21026
33801	59.2500	21.0000	8525	0.0	8	0.0000	360.0000	NaN	NaN	NaN	NaN	NaN	20513
33801	59.2500	21.0000	8525	0.0	9	0.0000	360.0000	NaN	NaN	NaN	NaN	NaN	20659
33801	59.2500	21.0000	8525	0.0	10	0.0000	360.0000	NaN	NaN	NaN	NaN	NaN	22022
33801	59.2500	21.0000	8525	0.0	11	0.0000	360.0000	NaN	NaN	NaN	NaN	NaN	21125
33801	59.2500	21.0000	8525	0.0	12	0.0000	360.0000	NaN	NaN	NaN	NaN	NaN	20973
33802	61.8000	20.2333	8525	0.0	1	0.0000	360.0000	NaN	NaN	NaN	NaN	NaN	2497
33802	61.8000	20.2333	8525	0.0	2	0.0000	360.0000	NaN	NaN	NaN	NaN	NaN	980
33802	61.8000	20.2333	8525	0.0	3	0.0000	360.0000	NaN	NaN	NaN	NaN	NaN	1697
33802	61.8000	20.2333	8525	0.0	4	0.0000	360.0000	NaN	NaN	NaN	NaN	NaN	2794
33802	61.8000	20.2333	8525	0.0	5	0.0000	360.0000	NaN	NaN	NaN	NaN	NaN	3615
33802	61.8000	20.2333	8525	0.0	6	0.0000	360.0000	NaN	NaN	NaN	NaN	NaN	4635
33802	61.8000	20.2333	8525	0.0	7	0.0000	360.0000	NaN	NaN	NaN	NaN	NaN	4767
33802	61.8000	20.2333	8525	0.0	8	0.0000	360.0000	NaN	NaN	NaN	NaN	NaN	4713
33802	61.8000	20.2333	8525	0.0	9	0.0000	360.0000	NaN	NaN	NaN	NaN	NaN	4638
33802	61.8000	20.2333	8525	0.0	10	0.0000	360.0000	NaN	NaN	NaN	NaN	NaN	4745
33802	61.8000	20.2333	8525	0.0	11	0.0000	360.0000	NaN	NaN	NaN	NaN	NaN	4485
33802	61.8000	20.2333	8525	0.0	12	0.0000	360.0000	NaN	NaN	NaN	NaN	NaN	4351
33803	59.9650	25.2350	8525	0.0	1	0.0000	360.0000	NaN	NaN	NaN	NaN	NaN	3920
33803	59.9650	25.2350	8525	0.0	2	0.0000	360.0000	NaN	NaN	NaN	NaN	NaN	284
33803	59.9650	25.2350	8525	0.0	3	0.0000	360.0000	NaN	NaN	NaN	NaN	NaN	2
33803	59.9650	25.2350	8525	0.0	4	0.0000	360.0000	NaN	NaN	NaN	NaN	NaN	1959
33803	59.9650	25.2350	8525	0.0	5	0.0000	360.0000	NaN	NaN	NaN	NaN	NaN	10815
33803	59.9650	25.2350	8525	0.0	6	0.0000	360.0000	NaN	NaN	NaN	NaN	NaN	13405
33803	59.9650	25.2350	8525	0.0	7	0.0000	360.0000	NaN	NaN	NaN	NaN	NaN	12937
33803	59.9650	25.2350	8525	0.0	8	0.0000	360.0000	NaN	NaN	NaN	NaN	NaN	12416
33803	59.9650	25.2350	8525	0.0	9	0.0000	360.0000	NaN	NaN	NaN	NaN	NaN	15210
33803	59.9650	25.2350	8525	0.0	10	0.0000	360.0000	NaN	NaN	NaN	NaN	NaN	15434
33803	59.9650	25.2350	8525	0.0	11	0.0000	360.0000	NaN	NaN	NaN	NaN	NaN	15013
33803	59.9650	25.2350	8525	0.0	12	0.0000	360.0000	NaN	NaN	NaN	NaN	NaN	11941
33804	64.6842	23.2392	8525	0.0	1	0.0000	360.0000	NaN	NaN	NaN	NaN	NaN	0
33804	64.6842	23.2392	8525	0.0	2	0.0000	360.0000	NaN	NaN	NaN	NaN	NaN	0
33804	64.6842	23.2392	8525	0.0	3	0.0000	360.0000	NaN	NaN	NaN	NaN	NaN	0
33804	64.6842	23.2392	8525	0.0	4	0.0000	360.0000	NaN	NaN	NaN	NaN	NaN	0
33804	64.6842	23.2392	8525	0.0	5	0.0000	360.0000	NaN	NaN	NaN	NaN	NaN	0
33804	64.6842	23.2392	8525	0.0	6	0.0000	360.0000	NaN	NaN	NaN	NaN	NaN	0
33804	64.6842	23.2392	8525	0.0	7	0.0000	360.0000	NaN	NaN	NaN	NaN	NaN	0
33804	64.6842	23.2392	8525	0.0	8	0.0000	360.0000	NaN	NaN	NaN	NaN	NaN	0
33804	64.6842	23.2392	8525	0.0	9	0.0000	360.0000	NaN	NaN	NaN	NaN	NaN	0
33804	64.6842	23.2392	8525	0.0	10	0.0000	360.0000	NaN	NaN	NaN	NaN	NaN	0
33804	64.6842	23.2392	8525	0.0	11	0.0000	360.0000	NaN	NaN	NaN	NaN	NaN	731
33804	64.6842	23.2392	8525	0.0	12	0.0000	360.0000	NaN	NaN	NaN	NaN	NaN	354
33805	60.1233	24.9725	8525	0.0	1	0.0000	360.0000	NaN	NaN	NaN	NaN	NaN	0
33805	60.1233	24.9725	8525	0.0	2	0.0000	360.0000	NaN	NaN	NaN	NaN	NaN	0
33805	60.1233	24.9725	8525	0.0	3	0.0000	360.0000	NaN	NaN	NaN	NaN	NaN	0
33805	60.1233	24.9725	8525	0.0	4	0.0000	360.0000	NaN	NaN	NaN	NaN	NaN	0
33805	60.1233	24.9725	8525	0.0	5	0.0000	360.0000	NaN	NaN	NaN	NaN	NaN	0
33805	60.1233	24.9725	8525	0.0	6	0.0000	360.0000	NaN	NaN	NaN	NaN	NaN	0
33805	60.1233	24.9725	8525	0.0	7	0.0000	360.0000	NaN	NaN	NaN	NaN	NaN	0
33805	60.1233	24.9725	8525	0.0	8	0.0000	360.0000	NaN	NaN	NaN	NaN	NaN	0
33805	60.1233	24.9725	8525	0.0	9	0.0000	360.0000	NaN	NaN	NaN	NaN	NaN	47
33805	60.1233	24.9725	8525	0.0	10	0.0000	360.0000	NaN	NaN	NaN	NaN	NaN	0
33805	60.1233	24.9725	8525	0.0	11	0.0000	360.0000	NaN	NaN	NaN	NaN	NaN	1212
33805	60.1233	24.9725	8525	0.0	12	0.0000	360.0000	NaN	NaN	NaN	NaN	NaN	0
