33001	57.2167	11.5667	8043	0.0	1	0.0000	3.9844	1.2260	0.6682	NaN	NaN	NaN	1596
33001	57.2167	11.5667	8043	0.0	2	0.0000	2.6367	1.0524	0.5333	NaN	NaN	NaN	437
33001	57.2167	11.5667	8043	0.0	3	0.0000	15.0000	NaN	NaN	NaN	NaN	NaN	0
33001	57.2167	11.5667	8043	0.0	4	0.0000	1.6992	0.6110	0.3189	NaN	NaN	NaN	1264
33001	57.2167	11.5667	8043	0.0	5	0.0000	2.3438	0.6344	0.3872	NaN	NaN	NaN	3154
33001	57.2167	11.5667	8043	0.0	6	0.0000	2.7539	0.7586	0.4226	NaN	NaN	NaN	4488
33001	57.2167	11.5667	8043	0.0	7	0.0000	2.4023	0.6137	0.3706	NaN	NaN	NaN	4857
33001	57.2167	11.5667	8043	0.0	8	0.0000	3.5742	0.6963	0.4181	NaN	NaN	NaN	4811
33001	57.2167	11.5667	8043	0.0	9	0.0000	3.0469	0.9206	0.4997	NaN	NaN	NaN	3183
33001	57.2167	11.5667	8043	0.0	10	0.0000	2.7539	0.8945	0.4883	NaN	NaN	NaN	3492
33001	57.2167	11.5667	8043	0.0	11	0.0000	4.1016	1.0751	0.5707	NaN	NaN	NaN	2913
33001	57.2167	11.5667	8043	0.0	12	0.0000	3.3398	1.0298	0.5514	NaN	NaN	NaN	2167
33002	58.9333	19.1667	8043	0.0	1	0.0000	4.4991	1.4671	0.8351	NaN	NaN	NaN	1562
33002	58.9333	19.1667	8043	0.0	2	0.0000	3.3813	1.1168	0.5882	NaN	NaN	NaN	1625
33002	58.9333	19.1667	8043	0.0	3	0.0000	3.9475	1.0724	0.5506	NaN	NaN	NaN	1653
33002	58.9333	19.1667	8043	0.0	4	0.0000	2.8000	0.6606	0.4143	NaN	NaN	NaN	2099
33002	58.9333	19.1667	8043	0.0	5	0.0000	2.8711	0.6078	0.3880	NaN	NaN	NaN	5184
33002	58.9333	19.1667	8043	0.0	6	0.0000	2.7596	0.6514	0.3987	NaN	NaN	NaN	7190
33002	58.9333	19.1667	8043	0.0	7	0.0000	3.1641	0.7115	0.4269	NaN	NaN	NaN	7489
33002	58.9333	19.1667	8043	0.0	8	0.0000	3.8617	0.8346	0.5022	NaN	NaN	NaN	7265
33002	58.9333	19.1667	8043	0.0	9	0.0000	4.2027	0.9897	0.5898	NaN	NaN	NaN	6994
33002	58.9333	19.1667	8043	0.0	10	0.0000	4.7400	1.2938	0.7540	NaN	NaN	NaN	6469
33002	58.9333	19.1667	8043	0.0	11	0.0000	5.6600	1.2858	0.7736	NaN	NaN	NaN	3792
33002	58.9333	19.1667	8043	0.0	12	0.0000	5.0436	1.4449	0.7371	NaN	NaN	NaN	1883
33003	60.9000	18.6167	8043	0.0	1	0.0000	5.2740	1.2089	0.7351	NaN	NaN	NaN	4396
33003	60.9000	18.6167	8043	0.0	2	0.0000	4.4160	0.9872	0.5953	NaN	NaN	NaN	2922
33003	60.9000	18.6167	8043	0.0	3	0.0000	3.5333	0.8515	0.5590	NaN	NaN	NaN	3187
33003	60.9000	18.6167	8043	0.0	4	0.0000	3.5333	0.6155	0.4790	NaN	NaN	NaN	3127
33003	60.9000	18.6167	8043	0.0	5	0.0000	2.7134	0.5302	0.4042	NaN	NaN	NaN	4945
33003	60.9000	18.6167	8043	0.0	6	0.0000	2.8198	0.5262	0.4040	NaN	NaN	NaN	7295
33003	60.9000	18.6167	8043	0.0	7	0.0000	3.2805	0.6398	0.4438	NaN	NaN	NaN	6931
33003	60.9000	18.6167	8043	0.0	8	0.0000	3.2805	0.6866	0.4632	NaN	NaN	NaN	8382
33003	60.9000	18.6167	8043	0.0	9	0.0000	4.4960	0.8323	0.5863	NaN	NaN	NaN	8012
33003	60.9000	18.6167	8043	0.0	10	0.0000	5.2453	1.0167	0.6259	NaN	NaN	NaN	7839
33003	60.9000	18.6167	8043	0.0	11	0.0000	6.2000	1.1759	0.7546	NaN	NaN	NaN	6902
33003	60.9000	18.6167	8043	0.0	12	0.0000	4.2600	1.1941	0.6298	NaN	NaN	NaN	6589
33004	55.9167	18.7833	8043	0.0	1	0.0000	6.2406	1.7729	0.9963	NaN	NaN	NaN	3005
33004	55.9167	18.7833	8043	0.0	2	0.0000	7.1568	1.5590	0.9444	NaN	NaN	NaN	2549
33004	55.9167	18.7833	8043	0.0	3	0.0000	5.2453	1.2073	0.7378	NaN	NaN	NaN	3586
33004	55.9167	18.7833	8043	0.0	4	0.0000	4.2391	0.7953	0.6510	NaN	NaN	NaN	3206
33004	55.9167	18.7833	8043	0.0	5	0.0000	3.5333	0.7458	0.5150	NaN	NaN	NaN	3053
33004	55.9167	18.7833	8043	0.0	6	0.0000	5.2453	0.7985	0.6219	NaN	NaN	NaN	2879
33004	55.9167	18.7833	8043	0.0	7	0.0000	3.9435	0.8513	0.6288	NaN	NaN	NaN	2712
33004	55.9167	18.7833	8043	0.0	8	0.0000	3.5333	0.9264	0.5932	NaN	NaN	NaN	1911
33004	55.9167	18.7833	8043	0.0	9	0.0000	5.8238	1.4471	0.8853	NaN	NaN	NaN	2466
33004	55.9167	18.7833	8043	0.0	10	0.0000	7.8900	1.7518	1.1477	NaN	NaN	NaN	2212
33004	55.9167	18.7833	8043	0.0	11	0.0000	5.4322	1.8616	0.9476	NaN	NaN	NaN	2124
33004	55.9167	18.7833	8043	0.0	12	0.0000	5.2453	1.5549	0.9381	NaN	NaN	NaN	2586
33005	58.4833	10.9333	8043	0.0	1	0.0000	15.0000	NaN	NaN	NaN	NaN	NaN	0
33005	58.4833	10.9333	8043	0.0	2	0.0000	0.6200	0.5425	0.0557	NaN	NaN	NaN	8
33005	58.4833	10.9333	8043	0.0	3	0.0000	3.9300	1.1891	0.8527	NaN	NaN	NaN	742
33005	58.4833	10.9333	8043	0.0	4	0.0000	3.3400	1.0270	0.7314	NaN	NaN	NaN	419
33005	58.4833	10.9333	8043	0.0	5	0.0000	15.0000	NaN	NaN	NaN	NaN	NaN	0
33005	58.4833	10.9333	8043	0.0	6	0.0000	2.1800	0.7510	0.3606	NaN	NaN	NaN	303
33005	58.4833	10.9333	8043	0.0	7	0.0000	2.7700	0.6747	0.6250	NaN	NaN	NaN	743
33005	58.4833	10.9333	8043	0.0	8	0.0000	3.9400	1.0866	0.6816	NaN	NaN	NaN	742
33005	58.4833	10.9333	8043	0.0	9	0.0000	3.3900	0.7144	0.6910	NaN	NaN	NaN	720
33005	58.4833	10.9333	8043	0.0	10	0.0000	4.3100	1.2897	0.7660	NaN	NaN	NaN	1213
33005	58.4833	10.9333	8043	0.0	11	0.0000	4.1300	1.0667	0.6222	NaN	NaN	NaN	772
33005	58.4833	10.9333	8043	0.0	12	0.0000	5.4800	1.5969	1.3428	NaN	NaN	NaN	74
33008	57.5167	17.6167	8043	0.0	1	0.0000	4.9150	1.3647	0.7861	NaN	NaN	NaN	3833
33008	57.5167	17.6167	8043	0.0	2	0.0000	4.1090	1.0870	0.6396	NaN	NaN	NaN	3515
33008	57.5167	17.6167	8043	0.0	3	0.0000	4.0350	0.8040	0.5671	NaN	NaN	NaN	3470
33008	57.5167	17.6167	8043	0.0	4	0.0000	3.4840	0.7689	0.5053	NaN	NaN	NaN	3460
33008	57.5167	17.6167	8043	0.0	5	0.0000	3.4840	0.6142	0.4126	NaN	NaN	NaN	4258
33008	57.5167	17.6167	8043	0.0	6	0.0000	2.9410	0.6680	0.4161	NaN	NaN	NaN	4279
33008	57.5167	17.6167	8043	0.0	7	0.0000	3.1140	0.6708	0.3889	NaN	NaN	NaN	3826
33008	57.5167	17.6167	8043	0.0	8	0.0000	2.8198	0.7274	0.4399	NaN	NaN	NaN	3688
33008	57.5167	17.6167	8043	0.0	9	0.0000	4.4960	0.8640	0.5631	NaN	NaN	NaN	3532
33008	57.5167	17.6167	8043	0.0	10	0.0000	4.3380	1.1110	0.6476	NaN	NaN	NaN	3650
33008	57.5167	17.6167	8043	0.0	11	0.0000	4.8888	1.2530	0.7200	NaN	NaN	NaN	4020
33008	57.5167	17.6167	8043	0.0	12	0.0000	4.4960	1.4014	0.6474	NaN	NaN	NaN	4910
33011	57.2167	11.5667	8043	0.0	1	0.0000	3.9435	1.0288	0.6759	NaN	NaN	NaN	442
33011	57.2167	11.5667	8043	0.0	2	0.0000	2.6102	0.7833	0.5260	NaN	NaN	NaN	672
33011	57.2167	11.5667	8043	0.0	3	0.0000	1.8134	0.6853	0.3458	NaN	NaN	NaN	741
33011	57.2167	11.5667	8043	0.0	4	0.0000	1.5938	0.6586	0.3321	NaN	NaN	NaN	577
33011	57.2167	11.5667	8043	0.0	5	0.0000	15.0000	NaN	NaN	NaN	NaN	NaN	0
33011	57.2167	11.5667	8043	0.0	6	0.0000	15.0000	NaN	NaN	NaN	NaN	NaN	0
33011	57.2167	11.5667	8043	0.0	7	0.0000	15.0000	NaN	NaN	NaN	NaN	NaN	0
33011	57.2167	11.5667	8043	0.0	8	0.0000	15.0000	NaN	NaN	NaN	NaN	NaN	0
33011	57.2167	11.5667	8043	0.0	9	0.0000	15.0000	NaN	NaN	NaN	NaN	NaN	0
33011	57.2167	11.5667	8043	0.0	10	0.0000	15.0000	NaN	NaN	NaN	NaN	NaN	0
33011	57.2167	11.5667	8043	0.0	11	0.0000	15.0000	NaN	NaN	NaN	NaN	NaN	0
33011	57.2167	11.5667	8043	0.0	12	0.0000	15.0000	NaN	NaN	NaN	NaN	NaN	0
33012	58.9333	19.1667	8043	0.0	1	0.0000	15.0000	NaN	NaN	NaN	NaN	NaN	0
33012	58.9333	19.1667	8043	0.0	2	0.0000	3.0429	1.2715	0.6886	NaN	NaN	NaN	456
33012	58.9333	19.1667	8043	0.0	3	0.0000	4.5538	0.9008	0.6802	NaN	NaN	NaN	738
33012	58.9333	19.1667	8043	0.0	4	0.0000	2.2283	0.9330	0.4866	NaN	NaN	NaN	272
33012	58.9333	19.1667	8043	0.0	5	0.0000	15.0000	NaN	NaN	NaN	NaN	NaN	0
33012	58.9333	19.1667	8043	0.0	6	0.0000	15.0000	NaN	NaN	NaN	NaN	NaN	0
33012	58.9333	19.1667	8043	0.0	7	0.0000	15.0000	NaN	NaN	NaN	NaN	NaN	0
33012	58.9333	19.1667	8043	0.0	8	0.0000	15.0000	NaN	NaN	NaN	NaN	NaN	0
33012	58.9333	19.1667	8043	0.0	9	0.0000	2.9700	1.4231	0.6354	NaN	NaN	NaN	800
33012	58.9333	19.1667	8043	0.0	10	0.0000	3.4300	1.0359	0.6753	NaN	NaN	NaN	1488
33012	58.9333	19.1667	8043	0.0	11	0.0000	3.9435	1.3725	0.7555	NaN	NaN	NaN	1440
33012	58.9333	19.1667	8043	0.0	12	0.0000	4.0890	1.8737	0.8611	NaN	NaN	NaN	603
33015	58.4833	10.9333	8043	0.0	1	0.0000	7.9231	1.4563	1.1026	NaN	NaN	NaN	7674
33015	58.4833	10.9333	8043	0.0	2	0.0000	6.7236	1.2204	0.8863	NaN	NaN	NaN	4941
33015	58.4833	10.9333	8043	0.0	3	0.0000	6.0290	1.0037	0.7221	NaN	NaN	NaN	5982
33015	58.4833	10.9333	8043	0.0	4	0.0000	3.9435	0.8505	0.6349	NaN	NaN	NaN	7751
33015	58.4833	10.9333	8043	0.0	5	0.0000	4.8888	0.8672	0.6761	NaN	NaN	NaN	7964
33015	58.4833	10.9333	8043	0.0	6	0.0000	4.0890	0.8904	0.6417	NaN	NaN	NaN	8151
33015	58.4833	10.9333	8043	0.0	7	0.0000	6.2406	0.8794	0.6701	NaN	NaN	NaN	8939
33015	58.4833	10.9333	8043	0.0	8	0.0000	5.4322	0.9243	0.6846	NaN	NaN	NaN	7720
33015	58.4833	10.9333	8043	0.0	9	0.0000	6.7236	1.1484	0.8040	NaN	NaN	NaN	7404
33015	58.4833	10.9333	8043	0.0	10	0.0000	5.6249	1.1519	0.8086	NaN	NaN	NaN	8603
33015	58.4833	10.9333	8043	0.0	11	0.0000	7.4043	1.4312	0.9289	NaN	NaN	NaN	8355
33015	58.4833	10.9333	8043	0.0	12	0.0000	6.9169	1.4532	1.0260	NaN	NaN	NaN	8252
33030	58.1835	11.0153	8043	0.0	1	0.0000	6.9169	1.8730	1.3878	NaN	NaN	NaN	568
33030	58.1835	11.0153	8043	0.0	2	0.0000	6.0290	1.9713	1.1590	NaN	NaN	NaN	680
33030	58.1835	11.0153	8043	0.0	3	0.0000	4.3940	1.3911	0.7984	NaN	NaN	NaN	730
33030	58.1835	11.0153	8043	0.0	4	0.0000	2.2283	0.7365	0.3944	NaN	NaN	NaN	410
33030	58.1835	11.0153	8043	0.0	5	0.0000	15.0000	NaN	NaN	NaN	NaN	NaN	0
33030	58.1835	11.0153	8043	0.0	6	0.0000	15.0000	NaN	NaN	NaN	NaN	NaN	0
33030	58.1835	11.0153	8043	0.0	7	0.0000	15.0000	NaN	NaN	NaN	NaN	NaN	0
33030	58.1835	11.0153	8043	0.0	8	0.0000	15.0000	NaN	NaN	NaN	NaN	NaN	0
33030	58.1835	11.0153	8043	0.0	9	0.0000	15.0000	NaN	NaN	NaN	NaN	NaN	0
33030	58.1835	11.0153	8043	0.0	10	0.0000	15.0000	NaN	NaN	NaN	NaN	NaN	0
33030	58.1835	11.0153	8043	0.0	11	0.0000	15.0000	NaN	NaN	NaN	NaN	NaN	0
33030	58.1835	11.0153	8043	0.0	12	0.0000	15.0000	NaN	NaN	NaN	NaN	NaN	0
33031	59.0363	18.1205	8043	0.0	1	0.0000	15.0000	NaN	NaN	NaN	NaN	NaN	0
33031	59.0363	18.1205	8043	0.0	2	0.0000	15.0000	NaN	NaN	NaN	NaN	NaN	0
33031	59.0363	18.1205	8043	0.0	3	0.0000	15.0000	NaN	NaN	NaN	NaN	NaN	0
33031	59.0363	18.1205	8043	0.0	4	0.0000	0.4152	0.0741	0.0788	NaN	NaN	NaN	422
33031	59.0363	18.1205	8043	0.0	5	0.0000	0.3208	0.0713	0.0742	NaN	NaN	NaN	313
33031	59.0363	18.1205	8043	0.0	6	0.0000	15.0000	NaN	NaN	NaN	NaN	NaN	0
33031	59.0363	18.1205	8043	0.0	7	0.0000	15.0000	NaN	NaN	NaN	NaN	NaN	0
33031	59.0363	18.1205	8043	0.0	8	0.0000	15.0000	NaN	NaN	NaN	NaN	NaN	0
33031	59.0363	18.1205	8043	0.0	9	0.0000	15.0000	NaN	NaN	NaN	NaN	NaN	0
33031	59.0363	18.1205	8043	0.0	10	0.0000	15.0000	NaN	NaN	NaN	NaN	NaN	0
33031	59.0363	18.1205	8043	0.0	11	0.0000	15.0000	NaN	NaN	NaN	NaN	NaN	0
33031	59.0363	18.1205	8043	0.0	12	0.0000	15.0000	NaN	NaN	NaN	NaN	NaN	0
33032	59.0144	18.2253	8043	0.0	1	0.0000	1.0997	0.3190	0.1717	NaN	NaN	NaN	717
33032	59.0144	18.2253	8043	0.0	2	0.0000	0.2348	0.1868	0.0378	NaN	NaN	NaN	6
33032	59.0144	18.2253	8043	0.0	3	0.0000	15.0000	NaN	NaN	NaN	NaN	NaN	0
33032	59.0144	18.2253	8043	0.0	4	0.0000	15.0000	NaN	NaN	NaN	NaN	NaN	0
33032	59.0144	18.2253	8043	0.0	5	0.0000	15.0000	NaN	NaN	NaN	NaN	NaN	0
33032	59.0144	18.2253	8043	0.0	6	0.0000	15.0000	NaN	NaN	NaN	NaN	NaN	0
33032	59.0144	18.2253	8043	0.0	7	0.0000	15.0000	NaN	NaN	NaN	NaN	NaN	0
33032	59.0144	18.2253	8043	0.0	8	0.0000	15.0000	NaN	NaN	NaN	NaN	NaN	0
33032	59.0144	18.2253	8043	0.0	9	0.0000	15.0000	NaN	NaN	NaN	NaN	NaN	0
33032	59.0144	18.2253	8043	0.0	10	0.0000	0.8023	0.2379	0.1930	NaN	NaN	NaN	349
33032	59.0144	18.2253	8043	0.0	11	0.0000	0.9943	0.3231	0.2081	NaN	NaN	NaN	717
33032	59.0144	18.2253	8043	0.0	12	0.0000	1.2707	0.3988	0.2270	NaN	NaN	NaN	735
33033	58.2500	11.2167	8043	0.0	1	0.0000	7.9231	1.4567	1.1026	NaN	NaN	NaN	7671
33033	58.2500	11.2167	8043	0.0	2	0.0000	6.7236	1.2204	0.8863	NaN	NaN	NaN	4941
33033	58.2500	11.2167	8043	0.0	3	0.0000	6.0290	1.0037	0.7221	NaN	NaN	NaN	5982
33033	58.2500	11.2167	8043	0.0	4	0.0000	3.9435	0.8505	0.6349	NaN	NaN	NaN	7751
33033	58.2500	11.2167	8043	0.0	5	0.0000	4.8888	0.8672	0.6761	NaN	NaN	NaN	7964
33033	58.2500	11.2167	8043	0.0	6	0.0000	4.0890	0.8904	0.6417	NaN	NaN	NaN	8151
33033	58.2500	11.2167	8043	0.0	7	0.0000	6.2406	0.8794	0.6701	NaN	NaN	NaN	8939
33033	58.2500	11.2167	8043	0.0	8	0.0000	5.4322	0.9243	0.6846	NaN	NaN	NaN	7720
33033	58.2500	11.2167	8043	0.0	9	0.0000	6.7236	1.1484	0.8040	NaN	NaN	NaN	7404
33033	58.2500	11.2167	8043	0.0	10	0.0000	5.6249	1.1516	0.8083	NaN	NaN	NaN	8602
33033	58.2500	11.2167	8043	0.0	11	0.0000	7.4043	1.4298	0.9259	NaN	NaN	NaN	8353
33033	58.2500	11.2167	8043	0.0	12	0.0000	6.9169	1.4532	1.0260	NaN	NaN	NaN	8252
33211	54.5000	10.2667	8043	0.0	1	0.0000	2.0800	0.6087	0.4071	NaN	NaN	NaN	1774
33211	54.5000	10.2667	8043	0.0	2	0.0000	1.7500	0.5112	0.3863	NaN	NaN	NaN	1354
33211	54.5000	10.2667	8043	0.0	3	0.0000	2.2000	0.5588	0.5127	NaN	NaN	NaN	1478
33211	54.5000	10.2667	8043	0.0	4	0.0000	1.6100	0.3636	0.2942	NaN	NaN	NaN	1382
33211	54.5000	10.2667	8043	0.0	5	0.0000	1.5500	0.3399	0.2758	NaN	NaN	NaN	2337
33211	54.5000	10.2667	8043	0.0	6	0.0000	1.2800	0.3662	0.2739	NaN	NaN	NaN	2444
33211	54.5000	10.2667	8043	0.0	7	0.0000	1.6600	0.3212	0.2348	NaN	NaN	NaN	2880
33211	54.5000	10.2667	8043	0.0	8	0.0000	1.3800	0.3458	0.2509	NaN	NaN	NaN	2952
33211	54.5000	10.2667	8043	0.0	9	0.0000	1.7800	0.4397	0.2925	NaN	NaN	NaN	2570
33211	54.5000	10.2667	8043	0.0	10	0.0000	2.2700	0.4967	0.4470	NaN	NaN	NaN	2960
33211	54.5000	10.2667	8043	0.0	11	0.0000	2.1300	0.4732	0.3396	NaN	NaN	NaN	2649
33211	54.5000	10.2667	8043	0.0	12	0.0000	2.3300	0.4832	0.3403	NaN	NaN	NaN	1099
33213	54.7000	12.7000	8043	0.0	1	0.0000	4.0300	1.0902	0.5789	NaN	NaN	NaN	6533
33213	54.7000	12.7000	8043	0.0	2	0.0000	4.0000	0.9532	0.5224	NaN	NaN	NaN	5657
33213	54.7000	12.7000	8043	0.0	3	0.0000	3.6800	0.7353	0.4683	NaN	NaN	NaN	6349
33213	54.7000	12.7000	8043	0.0	4	0.0000	2.6800	0.5949	0.4047	NaN	NaN	NaN	6762
33213	54.7000	12.7000	8043	0.0	5	0.0000	3.5300	0.6066	0.3874	NaN	NaN	NaN	7845
33213	54.7000	12.7000	8043	0.0	6	0.0000	3.6200	0.6357	0.4187	NaN	NaN	NaN	8012
33213	54.7000	12.7000	8043	0.0	7	0.0000	2.2000	0.6077	0.3805	NaN	NaN	NaN	9215
33213	54.7000	12.7000	8043	0.0	8	0.0000	2.5000	0.6518	0.3984	NaN	NaN	NaN	7634
33213	54.7000	12.7000	8043	0.0	9	0.0000	3.3300	0.7671	0.4729	NaN	NaN	NaN	7685
33213	54.7000	12.7000	8043	0.0	10	0.0000	3.5200	0.8583	0.4671	NaN	NaN	NaN	9216
33213	54.7000	12.7000	8043	0.0	11	0.0000	3.5400	0.9043	0.4902	NaN	NaN	NaN	7868
33213	54.7000	12.7000	8043	0.0	12	0.0000	3.5900	1.0057	0.4780	NaN	NaN	NaN	6435
33214	54.8833	13.8617	8043	0.0	1	0.0000	4.9000	1.2362	0.7157	NaN	NaN	NaN	12422
33214	54.8833	13.8617	8043	0.0	2	0.0000	4.7100	1.1434	0.7195	NaN	NaN	NaN	7033
33214	54.8833	13.8617	8043	0.0	3	0.0000	4.5000	0.8524	0.6206	NaN	NaN	NaN	7946
33214	54.8833	13.8617	8043	0.0	4	0.0000	3.0900	0.6943	0.4877	NaN	NaN	NaN	11889
33214	54.8833	13.8617	8043	0.0	5	0.0000	2.8000	0.5869	0.3806	NaN	NaN	NaN	11149
33214	54.8833	13.8617	8043	0.0	6	0.0000	4.4000	0.6620	0.4673	NaN	NaN	NaN	11420
33214	54.8833	13.8617	8043	0.0	7	0.0000	3.3000	0.6454	0.4358	NaN	NaN	NaN	11405
33214	54.8833	13.8617	8043	0.0	8	0.0000	2.9300	0.7911	0.4856	NaN	NaN	NaN	10311
33214	54.8833	13.8617	8043	0.0	9	0.0000	3.6000	0.8682	0.5556	NaN	NaN	NaN	11097
33214	54.8833	13.8617	8043	0.0	10	0.0000	4.0000	1.0425	0.6229	NaN	NaN	NaN	11382
33214	54.8833	13.8617	8043	0.0	11	0.0000	5.1200	1.2121	0.7027	NaN	NaN	NaN	10937
33214	54.8833	13.8617	8043	0.0	12	0.0000	4.7000	1.2408	0.6638	NaN	NaN	NaN	10994
33284	55.0083	13.1542	8043	0.0	1	0.0000	3.9000	1.3809	0.7472	NaN	NaN	NaN	2865
33284	55.0083	13.1542	8043	0.0	2	0.0000	3.2300	1.0002	0.6061	NaN	NaN	NaN	2577
33284	55.0083	13.1542	8043	0.0	3	0.0000	9.0000	0.8969	0.5587	NaN	NaN	NaN	1497
33284	55.0083	13.1542	8043	0.0	4	0.0000	2.4500	0.8032	0.5073	NaN	NaN	NaN	1297
33284	55.0083	13.1542	8043	0.0	5	0.0000	1.8300	0.6034	0.3275	NaN	NaN	NaN	1846
33284	55.0083	13.1542	8043	0.0	6	0.0000	1.6000	0.6984	0.3513	NaN	NaN	NaN	1527
33284	55.0083	13.1542	8043	0.0	7	0.0000	2.3000	0.6631	0.4417	NaN	NaN	NaN	1034
33284	55.0083	13.1542	8043	0.0	8	0.0000	2.8000	0.9132	0.5949	NaN	NaN	NaN	1992
33284	55.0083	13.1542	8043	0.0	9	0.0000	0.3000	0.3000	NaN	NaN	NaN	NaN	1
33284	55.0083	13.1542	8043	0.0	10	0.0000	3.4300	1.0062	0.5161	NaN	NaN	NaN	2726
33284	55.0083	13.1542	8043	0.0	11	0.0000	3.1000	1.1608	0.6541	NaN	NaN	NaN	3331
33284	55.0083	13.1542	8043	0.0	12	0.0000	3.3100	1.3230	0.5922	NaN	NaN	NaN	2958
33602	59.7119	24.7314	8043	0.0	1	0.0000	5.5800	0.9165	0.8026	NaN	NaN	NaN	2366
33602	59.7119	24.7314	8043	0.0	2	0.0000	4.2000	0.5220	0.5104	NaN	NaN	NaN	1641
33602	59.7119	24.7314	8043	0.0	3	0.0000	2.4000	0.3526	0.3757	NaN	NaN	NaN	1915
33602	59.7119	24.7314	8043	0.0	4	0.0000	3.6700	0.4620	0.4551	NaN	NaN	NaN	2147
33602	59.7119	24.7314	8043	0.0	5	0.0000	3.7700	0.3457	0.3222	NaN	NaN	NaN	2219
33602	59.7119	24.7314	8043	0.0	6	0.0000	3.2700	0.4353	0.3945	NaN	NaN	NaN	2538
33602	59.7119	24.7314	8043	0.0	7	0.0000	3.8900	0.4278	0.3793	NaN	NaN	NaN	2359
33602	59.7119	24.7314	8043	0.0	8	0.0000	3.1000	0.4432	0.4386	NaN	NaN	NaN	1985
33602	59.7119	24.7314	8043	0.0	9	0.0000	4.8000	0.5571	0.5901	NaN	NaN	NaN	2474
33602	59.7119	24.7314	8043	0.0	10	0.0000	4.6200	0.8424	0.7601	NaN	NaN	NaN	2938
33602	59.7119	24.7314	8043	0.0	11	0.0000	5.9000	0.9976	0.8944	NaN	NaN	NaN	3383
33602	59.7119	24.7314	8043	0.0	12	0.0000	6.3000	1.1469	0.8775	NaN	NaN	NaN	3690
33603	59.5102	24.6662	8043	0.0	1	0.0000	3.0000	0.6467	0.4838	NaN	NaN	NaN	608
33603	59.5102	24.6662	8043	0.0	2	0.0000	2.4000	0.5486	0.3231	NaN	NaN	NaN	812
33603	59.5102	24.6662	8043	0.0	3	0.0000	2.4000	0.4198	0.3769	NaN	NaN	NaN	1447
33603	59.5102	24.6662	8043	0.0	4	0.0000	2.1000	0.4495	0.3696	NaN	NaN	NaN	1429
33603	59.5102	24.6662	8043	0.0	5	0.0000	1.6000	0.2810	0.2499	NaN	NaN	NaN	1444
33603	59.5102	24.6662	8043	0.0	6	0.0000	1.9000	0.4437	0.3527	NaN	NaN	NaN	1417
33603	59.5102	24.6662	8043	0.0	7	0.0000	2.3000	0.4612	0.3701	NaN	NaN	NaN	1454
33603	59.5102	24.6662	8043	0.0	8	0.0000	2.4000	0.4291	0.3666	NaN	NaN	NaN	1486
33603	59.5102	24.6662	8043	0.0	9	0.0000	3.1000	0.4696	0.4464	NaN	NaN	NaN	1434
33603	59.5102	24.6662	8043	0.0	10	0.0000	2.5000	0.5616	0.5076	NaN	NaN	NaN	1488
33603	59.5102	24.6662	8043	0.0	11	0.0000	3.4000	0.7124	0.5486	NaN	NaN	NaN	1368
33603	59.5102	24.6662	8043	0.0	12	0.0000	3.9000	1.0843	0.6396	NaN	NaN	NaN	1485
33604	58.4893	21.6344	8043	0.0	1	0.0000	3.2300	1.1666	0.6129	NaN	NaN	NaN	968
33604	58.4893	21.6344	8043	0.0	2	0.0000	15.0000	NaN	NaN	NaN	NaN	NaN	0
33604	58.4893	21.6344	8043	0.0	3	0.0000	15.0000	NaN	NaN	NaN	NaN	NaN	0
33604	58.4893	21.6344	8043	0.0	4	0.0000	1.9800	0.7242	0.4105	NaN	NaN	NaN	377
33604	58.4893	21.6344	8043	0.0	5	0.0000	3.0600	0.8350	0.5038	NaN	NaN	NaN	1367
33604	58.4893	21.6344	8043	0.0	6	0.0000	2.8300	0.9144	0.5126	NaN	NaN	NaN	1332
33604	58.4893	21.6344	8043	0.0	7	0.0000	3.6200	1.0484	0.6414	NaN	NaN	NaN	1235
33604	58.4893	21.6344	8043	0.0	8	0.0000	2.4200	0.6131	0.5287	NaN	NaN	NaN	1346
33604	58.4893	21.6344	8043	0.0	9	0.0000	3.1700	0.9543	0.5771	NaN	NaN	NaN	1267
33604	58.4893	21.6344	8043	0.0	10	0.0000	3.1100	0.9221	0.7324	NaN	NaN	NaN	1311
33604	58.4893	21.6344	8043	0.0	11	0.0000	4.1800	1.6975	0.7936	NaN	NaN	NaN	1363
33604	58.4893	21.6344	8043	0.0	12	0.0000	6.8400	2.2126	1.0606	NaN	NaN	NaN	1386
33623	58.6938	22.5229	8043	0.0	1	0.0000	15.0000	NaN	NaN	NaN	NaN	NaN	0
33623	58.6938	22.5229	8043	0.0	2	0.0000	15.0000	NaN	NaN	NaN	NaN	NaN	0
33623	58.6938	22.5229	8043	0.0	3	0.0000	15.0000	NaN	NaN	NaN	NaN	NaN	0
33623	58.6938	22.5229	8043	0.0	4	0.0000	15.0000	NaN	NaN	NaN	NaN	NaN	0
33623	58.6938	22.5229	8043	0.0	5	0.0000	15.0000	NaN	NaN	NaN	NaN	NaN	0
33623	58.6938	22.5229	8043	0.0	6	0.0000	15.0000	NaN	NaN	NaN	NaN	NaN	0
33623	58.6938	22.5229	8043	0.0	7	0.0000	15.0000	NaN	NaN	NaN	NaN	NaN	0
33623	58.6938	22.5229	8043	0.0	8	0.0000	15.0000	NaN	NaN	NaN	NaN	NaN	0
33623	58.6938	22.5229	8043	0.0	9	0.0000	15.0000	NaN	NaN	NaN	NaN	NaN	0
33623	58.6938	22.5229	8043	0.0	10	0.0000	15.0000	NaN	NaN	NaN	NaN	NaN	0
33623	58.6938	22.5229	8043	0.0	11	0.0000	15.0000	NaN	NaN	NaN	NaN	NaN	0
33623	58.6938	22.5229	8043	0.0	12	0.0000	15.0000	NaN	NaN	NaN	NaN	NaN	0
33631	58.5742	23.3935	8043	0.0	1	0.0000	15.0000	NaN	NaN	NaN	NaN	NaN	0
33631	58.5742	23.3935	8043	0.0	2	0.0000	15.0000	NaN	NaN	NaN	NaN	NaN	0
33631	58.5742	23.3935	8043	0.0	3	0.0000	15.0000	NaN	NaN	NaN	NaN	NaN	0
33631	58.5742	23.3935	8043	0.0	4	0.0000	15.0000	NaN	NaN	NaN	NaN	NaN	0
33631	58.5742	23.3935	8043	0.0	5	0.0000	15.0000	NaN	NaN	NaN	NaN	NaN	0
33631	58.5742	23.3935	8043	0.0	6	0.0000	15.0000	NaN	NaN	NaN	NaN	NaN	0
33631	58.5742	23.3935	8043	0.0	7	0.0000	15.0000	NaN	NaN	NaN	NaN	NaN	0
33631	58.5742	23.3935	8043	0.0	8	0.0000	15.0000	NaN	NaN	NaN	NaN	NaN	0
33631	58.5742	23.3935	8043	0.0	9	0.0000	15.0000	NaN	NaN	NaN	NaN	NaN	0
33631	58.5742	23.3935	8043	0.0	10	0.0000	15.0000	NaN	NaN	NaN	NaN	NaN	0
33631	58.5742	23.3935	8043	0.0	11	0.0000	15.0000	NaN	NaN	NaN	NaN	NaN	0
33631	58.5742	23.3935	8043	0.0	12	0.0000	15.0000	NaN	NaN	NaN	NaN	NaN	0
33801	59.2500	21.0000	8043	0.0	1	0.0000	8.8000	1.7767	1.0292	NaN	NaN	NaN	17024
33801	59.2500	21.0000	8043	0.0	2	0.0000	6.2000	1.5232	0.9069	NaN	NaN	NaN	13239
33801	59.2500	21.0000	8043	0.0	3	0.0000	6.9000	1.1846	0.7796	NaN	NaN	NaN	13067
33801	59.2500	21.0000	8043	0.0	4	0.0000	5.3000	0.8810	0.6192	NaN	NaN	NaN	12531
33801	59.2500	21.0000	8043	0.0	5	0.0000	4.7000	0.7093	0.4836	NaN	NaN	NaN	18089
33801	59.2500	21.0000	8043	0.0	6	0.0000	4.1000	0.7601	0.4986	NaN	NaN	NaN	20484
33801	59.2500	21.0000	8043	0.0	7	0.0000	4.9000	0.8103	0.5438	NaN	NaN	NaN	21026
33801	59.2500	21.0000	8043	0.0	8	0.0000	4.7000	0.9617	0.6021	NaN	NaN	NaN	20513
33801	59.2500	21.0000	8043	0.0	9	0.0000	5.8000	1.2160	0.7677	NaN	NaN	NaN	20658
33801	59.2500	21.0000	8043	0.0	10	0.0000	6.0000	1.5215	0.8884	NaN	NaN	NaN	22024
33801	59.2500	21.0000	8043	0.0	11	0.0000	6.9000	1.7012	0.9584	NaN	NaN	NaN	21124
33801	59.2500	21.0000	8043	0.0	12	0.0000	8.2000	1.8940	1.0514	NaN	NaN	NaN	20977
33802	61.8000	20.2333	8043	0.0	1	0.0000	4.9000	1.5302	0.9511	NaN	NaN	NaN	2497
33802	61.8000	20.2333	8043	0.0	2	0.0000	6.2000	1.6277	0.8605	NaN	NaN	NaN	980
33802	61.8000	20.2333	8043	0.0	3	0.0000	3.9000	0.9740	0.7126	NaN	NaN	NaN	1697
33802	61.8000	20.2333	8043	0.0	4	0.0000	3.0000	0.7899	0.5700	NaN	NaN	NaN	2794
33802	61.8000	20.2333	8043	0.0	5	0.0000	3.2000	0.6838	0.5172	NaN	NaN	NaN	3612
33802	61.8000	20.2333	8043	0.0	6	0.0000	3.4000	0.6295	0.4906	NaN	NaN	NaN	4620
33802	61.8000	20.2333	8043	0.0	7	0.0000	2.7000	0.6717	0.5036	NaN	NaN	NaN	4767
33802	61.8000	20.2333	8043	0.0	8	0.0000	3.3000	0.8121	0.5887	NaN	NaN	NaN	4713
33802	61.8000	20.2333	8043	0.0	9	0.0000	3.8000	0.9073	0.6525	NaN	NaN	NaN	4638
33802	61.8000	20.2333	8043	0.0	10	0.0000	4.9000	1.1610	0.7300	NaN	NaN	NaN	4745
33802	61.8000	20.2333	8043	0.0	11	0.0000	5.4000	1.3630	0.8921	NaN	NaN	NaN	4485
33802	61.8000	20.2333	8043	0.0	12	0.0000	5.6000	1.6616	0.8551	NaN	NaN	NaN	4351
33803	59.9650	25.2350	8043	0.0	1	0.0000	4.0000	1.3080	0.6469	NaN	NaN	NaN	3920
33803	59.9650	25.2350	8043	0.0	2	0.0000	2.1000	0.8401	0.3881	NaN	NaN	NaN	284
33803	59.9650	25.2350	8043	0.0	3	0.0000	0.2000	0.2000	0.0000	NaN	NaN	NaN	2
33803	59.9650	25.2350	8043	0.0	4	0.0000	2.4000	0.6405	0.4519	NaN	NaN	NaN	1959
33803	59.9650	25.2350	8043	0.0	5	0.0000	3.0000	0.5235	0.3512	NaN	NaN	NaN	10815
33803	59.9650	25.2350	8043	0.0	6	0.0000	3.0000	0.5725	0.3713	NaN	NaN	NaN	13408
33803	59.9650	25.2350	8043	0.0	7	0.0000	3.7000	0.5838	0.3850	NaN	NaN	NaN	12942
33803	59.9650	25.2350	8043	0.0	8	0.0000	3.5000	0.6986	0.4535	NaN	NaN	NaN	12954
33803	59.9650	25.2350	8043	0.0	9	0.0000	3.7000	0.8923	0.5211	NaN	NaN	NaN	15307
33803	59.9650	25.2350	8043	0.0	10	0.0000	3.7000	1.0284	0.5832	NaN	NaN	NaN	15642
33803	59.9650	25.2350	8043	0.0	11	0.0000	5.2000	1.2340	0.6954	NaN	NaN	NaN	15013
33803	59.9650	25.2350	8043	0.0	12	0.0000	9.4000	1.1747	0.6192	NaN	NaN	NaN	11941
33804	64.6842	23.2392	8043	0.0	1	0.0000	15.0000	NaN	NaN	NaN	NaN	NaN	0
33804	64.6842	23.2392	8043	0.0	2	0.0000	15.0000	NaN	NaN	NaN	NaN	NaN	0
33804	64.6842	23.2392	8043	0.0	3	0.0000	15.0000	NaN	NaN	NaN	NaN	NaN	0
33804	64.6842	23.2392	8043	0.0	4	0.0000	15.0000	NaN	NaN	NaN	NaN	NaN	0
33804	64.6842	23.2392	8043	0.0	5	0.0000	15.0000	NaN	NaN	NaN	NaN	NaN	0
33804	64.6842	23.2392	8043	0.0	6	0.0000	15.0000	NaN	NaN	NaN	NaN	NaN	0
33804	64.6842	23.2392	8043	0.0	7	0.0000	15.0000	NaN	NaN	NaN	NaN	NaN	0
33804	64.6842	23.2392	8043	0.0	8	0.0000	15.0000	NaN	NaN	NaN	NaN	NaN	0
33804	64.6842	23.2392	8043	0.0	9	0.0000	15.0000	NaN	NaN	NaN	NaN	NaN	0
33804	64.6842	23.2392	8043	0.0	10	0.0000	15.0000	NaN	NaN	NaN	NaN	NaN	0
33804	64.6842	23.2392	8043	0.0	11	0.0000	3.2000	1.5760	0.6825	NaN	NaN	NaN	654
33804	64.6842	23.2392	8043	0.0	12	0.0000	3.4000	1.4847	0.7012	NaN	NaN	NaN	354
33805	60.1233	24.9725	8043	0.0	1	0.0000	15.0000	NaN	NaN	NaN	NaN	NaN	0
33805	60.1233	24.9725	8043	0.0	2	0.0000	15.0000	NaN	NaN	NaN	NaN	NaN	0
33805	60.1233	24.9725	8043	0.0	3	0.0000	15.0000	NaN	NaN	NaN	NaN	NaN	0
33805	60.1233	24.9725	8043	0.0	4	0.0000	15.0000	NaN	NaN	NaN	NaN	NaN	0
33805	60.1233	24.9725	8043	0.0	5	0.0000	15.0000	NaN	NaN	NaN	NaN	NaN	0
33805	60.1233	24.9725	8043	0.0	6	0.0000	15.0000	NaN	NaN	NaN	NaN	NaN	0
33805	60.1233	24.9725	8043	0.0	7	0.0000	15.0000	NaN	NaN	NaN	NaN	NaN	0
33805	60.1233	24.9725	8043	0.0	8	0.0000	15.0000	NaN	NaN	NaN	NaN	NaN	0
33805	60.1233	24.9725	8043	0.0	9	0.0000	0.2000	0.1213	0.0414	NaN	NaN	NaN	47
33805	60.1233	24.9725	8043	0.0	10	0.0000	15.0000	NaN	NaN	NaN	NaN	NaN	0
33805	60.1233	24.9725	8043	0.0	11	0.0000	1.5000	0.4813	0.2894	NaN	NaN	NaN	1212
33805	60.1233	24.9725	8043	0.0	12	0.0000	15.0000	NaN	NaN	NaN	NaN	NaN	0
35051	66.4500	16.4833	8043	0.0	1	0.0000	15.0000	NaN	NaN	NaN	NaN	NaN	0
35051	66.4500	16.4833	8043	0.0	2	0.0000	15.0000	NaN	NaN	NaN	NaN	NaN	0
35051	66.4500	16.4833	8043	0.0	3	0.0000	15.0000	NaN	NaN	NaN	NaN	NaN	0
35051	66.4500	16.4833	8043	0.0	4	0.0000	15.0000	NaN	NaN	NaN	NaN	NaN	0
35051	66.4500	16.4833	8043	0.0	5	0.0000	15.0000	NaN	NaN	NaN	NaN	NaN	0
35051	66.4500	16.4833	8043	0.0	6	0.0000	15.0000	NaN	NaN	NaN	NaN	NaN	0
35051	66.4500	16.4833	8043	0.0	7	0.0000	15.0000	NaN	NaN	NaN	NaN	NaN	0
35051	66.4500	16.4833	8043	0.0	8	0.0000	0.3500	0.0834	0.0702	NaN	NaN	NaN	345
35051	66.4500	16.4833	8043	0.0	9	0.0000	15.0000	NaN	NaN	NaN	NaN	NaN	0
35051	66.4500	16.4833	8043	0.0	10	0.0000	0.8100	0.0948	0.0899	NaN	NaN	NaN	992
35051	66.4500	16.4833	8043	0.0	11	0.0000	0.4200	0.0826	0.0746	NaN	NaN	NaN	465
35051	66.4500	16.4833	8043	0.0	12	0.0000	15.0000	NaN	NaN	NaN	NaN	NaN	0
35052	60.8833	20.7500	8043	0.0	1	0.0000	15.0000	NaN	NaN	NaN	NaN	NaN	0
35052	60.8833	20.7500	8043	0.0	2	0.0000	15.0000	NaN	NaN	NaN	NaN	NaN	0
35052	60.8833	20.7500	8043	0.0	3	0.0000	15.0000	NaN	NaN	NaN	NaN	NaN	0
35052	60.8833	20.7500	8043	0.0	4	0.0000	15.0000	NaN	NaN	NaN	NaN	NaN	0
35052	60.8833	20.7500	8043	0.0	5	0.0000	15.0000	NaN	NaN	NaN	NaN	NaN	0
35052	60.8833	20.7500	8043	0.0	6	0.0000	15.0000	NaN	NaN	NaN	NaN	NaN	0
35052	60.8833	20.7500	8043	0.0	7	0.0000	15.0000	NaN	NaN	NaN	NaN	NaN	0
35052	60.8833	20.7500	8043	0.0	8	0.0000	2.8100	0.7559	0.5602	NaN	NaN	NaN	503
35052	60.8833	20.7500	8043	0.0	9	0.0000	3.3300	0.8490	0.5378	NaN	NaN	NaN	537
35052	60.8833	20.7500	8043	0.0	10	0.0000	3.5000	1.2912	0.7114	NaN	NaN	NaN	719
35052	60.8833	20.7500	8043	0.0	11	0.0000	3.5200	1.4083	0.7492	NaN	NaN	NaN	596
35052	60.8833	20.7500	8043	0.0	12	0.0000	4.7600	2.0113	0.8982	NaN	NaN	NaN	366
35053	60.8667	18.2333	8043	0.0	1	0.0000	15.0000	NaN	NaN	NaN	NaN	NaN	0
35053	60.8667	18.2333	8043	0.0	2	0.0000	15.0000	NaN	NaN	NaN	NaN	NaN	0
35053	60.8667	18.2333	8043	0.0	3	0.0000	15.0000	NaN	NaN	NaN	NaN	NaN	0
35053	60.8667	18.2333	8043	0.0	4	0.0000	15.0000	NaN	NaN	NaN	NaN	NaN	0
35053	60.8667	18.2333	8043	0.0	5	0.0000	15.0000	NaN	NaN	NaN	NaN	NaN	0
35053	60.8667	18.2333	8043	0.0	6	0.0000	15.0000	NaN	NaN	NaN	NaN	NaN	0
35053	60.8667	18.2333	8043	0.0	7	0.0000	0.3000	0.1656	0.0571	NaN	NaN	NaN	54
35053	60.8667	18.2333	8043	0.0	8	0.0000	2.8500	0.7380	0.5817	NaN	NaN	NaN	681
35053	60.8667	18.2333	8043	0.0	9	0.0000	3.1900	0.6110	0.3945	NaN	NaN	NaN	653
35053	60.8667	18.2333	8043	0.0	10	0.0000	3.3500	0.8651	0.4849	NaN	NaN	NaN	611
35053	60.8667	18.2333	8043	0.0	11	0.0000	3.4000	0.9705	0.6481	NaN	NaN	NaN	493
35053	60.8667	18.2333	8043	0.0	12	0.0000	4.4600	1.3709	0.7686	NaN	NaN	NaN	129
35054	59.4667	20.3500	8043	0.0	1	0.0000	7.8000	1.9034	0.9471	NaN	NaN	NaN	874
35054	59.4667	20.3500	8043	0.0	2	0.0000	5.4100	1.2123	0.7316	NaN	NaN	NaN	565
35054	59.4667	20.3500	8043	0.0	3	0.0000	3.0200	1.1261	0.6251	NaN	NaN	NaN	616
35054	59.4667	20.3500	8043	0.0	4	0.0000	6.1400	0.7845	0.5089	NaN	NaN	NaN	764
35054	59.4667	20.3500	8043	0.0	5	0.0000	1.8500	0.4707	0.3202	NaN	NaN	NaN	1336
35054	59.4667	20.3500	8043	0.0	6	0.0000	2.9500	0.7000	0.4240	NaN	NaN	NaN	1660
35054	59.4667	20.3500	8043	0.0	7	0.0000	3.1900	0.7412	0.4774	NaN	NaN	NaN	1877
35054	59.4667	20.3500	8043	0.0	8	0.0000	2.6000	0.7848	0.4474	NaN	NaN	NaN	1805
35054	59.4667	20.3500	8043	0.0	9	0.0000	5.8200	1.2091	0.6870	NaN	NaN	NaN	2075
35054	59.4667	20.3500	8043	0.0	10	0.0000	5.0800	1.4551	0.7554	NaN	NaN	NaN	2118
35054	59.4667	20.3500	8043	0.0	11	0.0000	6.7800	1.6133	0.8742	NaN	NaN	NaN	2391
35054	59.4667	20.3500	8043	0.0	12	0.0000	6.4800	1.6262	0.8455	NaN	NaN	NaN	469
35055	59.3333	19.1333	8043	0.0	1	0.0000	15.0000	NaN	NaN	NaN	NaN	NaN	0
35055	59.3333	19.1333	8043	0.0	2	0.0000	15.0000	NaN	NaN	NaN	NaN	NaN	0
35055	59.3333	19.1333	8043	0.0	3	0.0000	15.0000	NaN	NaN	NaN	NaN	NaN	0
35055	59.3333	19.1333	8043	0.0	4	0.0000	15.0000	NaN	NaN	NaN	NaN	NaN	0
35055	59.3333	19.1333	8043	0.0	5	0.0000	15.0000	NaN	NaN	NaN	NaN	NaN	0
35055	59.3333	19.1333	8043	0.0	6	0.0000	15.0000	NaN	NaN	NaN	NaN	NaN	0
35055	59.3333	19.1333	8043	0.0	7	0.0000	15.0000	NaN	NaN	NaN	NaN	NaN	0
35055	59.3333	19.1333	8043	0.0	8	0.0000	15.0000	NaN	NaN	NaN	NaN	NaN	0
35055	59.3333	19.1333	8043	0.0	9	0.0000	15.0000	NaN	NaN	NaN	NaN	NaN	0
35055	59.3333	19.1333	8043	0.0	10	0.0000	15.0000	NaN	NaN	NaN	NaN	NaN	0
35055	59.3333	19.1333	8043	0.0	11	0.0000	1.3900	0.5427	0.2780	NaN	NaN	NaN	605
35055	59.3333	19.1333	8043	0.0	12	0.0000	1.3900	0.5457	0.2298	NaN	NaN	NaN	607
35056	59.1500	19.1333	8043	0.0	1	0.0000	7.8200	1.3000	0.8776	NaN	NaN	NaN	11147
35056	59.1500	19.1333	8043	0.0	2	0.0000	6.0800	1.1603	0.8799	NaN	NaN	NaN	8952
35056	59.1500	19.1333	8043	0.0	3	0.0000	7.8300	1.0596	0.8448	NaN	NaN	NaN	9949
35056	59.1500	19.1333	8043	0.0	4	0.0000	6.8400	0.8171	0.8243	NaN	NaN	NaN	10499
35056	59.1500	19.1333	8043	0.0	5	0.0000	4.8500	0.5649	0.4549	NaN	NaN	NaN	11959
35056	59.1500	19.1333	8043	0.0	6	0.0000	6.2900	0.5715	0.4881	NaN	NaN	NaN	11355
35056	59.1500	19.1333	8043	0.0	7	0.0000	5.8900	0.5800	0.5171	NaN	NaN	NaN	12543
35056	59.1500	19.1333	8043	0.0	8	0.0000	4.3700	0.6485	0.4320	NaN	NaN	NaN	12024
35056	59.1500	19.1333	8043	0.0	9	0.0000	4.3300	0.8499	0.5525	NaN	NaN	NaN	10875
35056	59.1500	19.1333	8043	0.0	10	0.0000	6.3200	1.0575	0.7070	NaN	NaN	NaN	11793
35056	59.1500	19.1333	8043	0.0	11	0.0000	6.3100	1.2268	0.8048	NaN	NaN	NaN	12207
35056	59.1500	19.1333	8043	0.0	12	0.0000	6.7200	1.2988	0.9042	NaN	NaN	NaN	12258
35057	58.6000	17.4667	8043	0.0	1	0.0000	6.6800	1.0111	0.7218	NaN	NaN	NaN	1833
35057	58.6000	17.4667	8043	0.0	2	0.0000	3.2600	0.7699	0.5585	NaN	NaN	NaN	1294
35057	58.6000	17.4667	8043	0.0	3	0.0000	4.7200	0.8165	0.6012	NaN	NaN	NaN	947
35057	58.6000	17.4667	8043	0.0	4	0.0000	2.0500	0.4977	0.3782	NaN	NaN	NaN	1486
35057	58.6000	17.4667	8043	0.0	5	0.0000	1.6600	0.4136	0.2682	NaN	NaN	NaN	2143
35057	58.6000	17.4667	8043	0.0	6	0.0000	2.8500	0.4566	0.3910	NaN	NaN	NaN	2059
35057	58.6000	17.4667	8043	0.0	7	0.0000	2.4300	0.4146	0.2876	NaN	NaN	NaN	2732
35057	58.6000	17.4667	8043	0.0	8	0.0000	3.0200	0.5478	0.3694	NaN	NaN	NaN	2697
35057	58.6000	17.4667	8043	0.0	9	0.0000	3.2300	0.6969	0.3977	NaN	NaN	NaN	2670
35057	58.6000	17.4667	8043	0.0	10	0.0000	3.0800	0.8386	0.5451	NaN	NaN	NaN	2755
35057	58.6000	17.4667	8043	0.0	11	0.0000	4.5300	0.9685	0.5293	NaN	NaN	NaN	2126
35057	58.6000	17.4667	8043	0.0	12	0.0000	5.7100	1.0592	0.6815	NaN	NaN	NaN	1984
35058	57.5833	18.1667	8043	0.0	1	0.0000	15.0000	NaN	NaN	NaN	NaN	NaN	0
35058	57.5833	18.1667	8043	0.0	2	0.0000	15.0000	NaN	NaN	NaN	NaN	NaN	0
35058	57.5833	18.1667	8043	0.0	3	0.0000	15.0000	NaN	NaN	NaN	NaN	NaN	0
35058	57.5833	18.1667	8043	0.0	4	0.0000	15.0000	NaN	NaN	NaN	NaN	NaN	0
35058	57.5833	18.1667	8043	0.0	5	0.0000	15.0000	NaN	NaN	NaN	NaN	NaN	0
35058	57.5833	18.1667	8043	0.0	6	0.0000	1.2700	0.2876	0.2197	NaN	NaN	NaN	455
35058	57.5833	18.1667	8043	0.0	7	0.0000	1.3800	0.3340	0.2630	NaN	NaN	NaN	341
35058	57.5833	18.1667	8043	0.0	8	0.0000	15.0000	NaN	NaN	NaN	NaN	NaN	0
35058	57.5833	18.1667	8043	0.0	9	0.0000	15.0000	NaN	NaN	NaN	NaN	NaN	0
35058	57.5833	18.1667	8043	0.0	10	0.0000	15.0000	NaN	NaN	NaN	NaN	NaN	0
35058	57.5833	18.1667	8043	0.0	11	0.0000	15.0000	NaN	NaN	NaN	NaN	NaN	0
35058	57.5833	18.1667	8043	0.0	12	0.0000	15.0000	NaN	NaN	NaN	NaN	NaN	0
35059	57.4333	19.2833	8043	0.0	1	0.0000	15.0000	NaN	NaN	NaN	NaN	NaN	0
35059	57.4333	19.2833	8043	0.0	2	0.0000	15.0000	NaN	NaN	NaN	NaN	NaN	0
35059	57.4333	19.2833	8043	0.0	3	0.0000	15.0000	NaN	NaN	NaN	NaN	NaN	0
35059	57.4333	19.2833	8043	0.0	4	0.0000	15.0000	NaN	NaN	NaN	NaN	NaN	0
35059	57.4333	19.2833	8043	0.0	5	0.0000	2.2900	0.4473	0.3334	NaN	NaN	NaN	718
35059	57.4333	19.2833	8043	0.0	6	0.0000	2.1300	0.5318	0.3980	NaN	NaN	NaN	674
35059	57.4333	19.2833	8043	0.0	7	0.0000	2.1600	0.6587	0.4104	NaN	NaN	NaN	707
35059	57.4333	19.2833	8043	0.0	8	0.0000	2.3000	0.8489	0.3745	NaN	NaN	NaN	726
35059	57.4333	19.2833	8043	0.0	9	0.0000	3.0100	1.1053	0.4766	NaN	NaN	NaN	698
35059	57.4333	19.2833	8043	0.0	10	0.0000	2.6500	1.0761	0.4861	NaN	NaN	NaN	712
35059	57.4333	19.2833	8043	0.0	11	0.0000	3.0300	1.2888	0.5822	NaN	NaN	NaN	476
35059	57.4333	19.2833	8043	0.0	12	0.0000	15.0000	NaN	NaN	NaN	NaN	NaN	0
35060	56.8333	18.2167	8043	0.0	1	0.0000	2.8400	0.9884	0.5082	NaN	NaN	NaN	518
35060	56.8333	18.2167	8043	0.0	2	0.0000	15.0000	NaN	NaN	NaN	NaN	NaN	0
35060	56.8333	18.2167	8043	0.0	3	0.0000	15.0000	NaN	NaN	NaN	NaN	NaN	0
35060	56.8333	18.2167	8043	0.0	4	0.0000	15.0000	NaN	NaN	NaN	NaN	NaN	0
35060	56.8333	18.2167	8043	0.0	5	0.0000	15.0000	NaN	NaN	NaN	NaN	NaN	0
35060	56.8333	18.2167	8043	0.0	6	0.0000	1.2600	0.4370	0.2542	NaN	NaN	NaN	127
35060	56.8333	18.2167	8043	0.0	7	0.0000	1.9000	0.6137	0.4172	NaN	NaN	NaN	605
35060	56.8333	18.2167	8043	0.0	8	0.0000	2.0800	0.7224	0.4085	NaN	NaN	NaN	685
35060	56.8333	18.2167	8043	0.0	9	0.0000	1.6400	0.6640	0.2952	NaN	NaN	NaN	682
35060	56.8333	18.2167	8043	0.0	10	0.0000	3.1400	1.1202	0.6210	NaN	NaN	NaN	722
35060	56.8333	18.2167	8043	0.0	11	0.0000	4.4700	1.3045	0.6972	NaN	NaN	NaN	697
35060	56.8333	18.2167	8043	0.0	12	0.0000	2.7900	1.0326	0.4581	NaN	NaN	NaN	707
35062	56.1667	16.1167	8043	0.0	1	0.0000	2.8400	0.7777	0.5791	NaN	NaN	NaN	705
35062	56.1667	16.1167	8043	0.0	2	0.0000	2.1600	0.8760	0.4685	NaN	NaN	NaN	553
35062	56.1667	16.1167	8043	0.0	3	0.0000	1.7000	0.8550	0.4876	NaN	NaN	NaN	286
35062	56.1667	16.1167	8043	0.0	4	0.0000	1.3000	0.5525	0.2409	NaN	NaN	NaN	261
35062	56.1667	16.1167	8043	0.0	5	0.0000	1.2200	0.3386	0.2197	NaN	NaN	NaN	653
35062	56.1667	16.1167	8043	0.0	6	0.0000	1.1900	0.3860	0.2487	NaN	NaN	NaN	481
35062	56.1667	16.1167	8043	0.0	7	0.0000	1.6800	0.4251	0.2545	NaN	NaN	NaN	684
35062	56.1667	16.1167	8043	0.0	8	0.0000	1.8100	0.4186	0.2846	NaN	NaN	NaN	540
35062	56.1667	16.1167	8043	0.0	9	0.0000	1.2400	0.5565	0.3010	NaN	NaN	NaN	403
35062	56.1667	16.1167	8043	0.0	10	0.0000	2.7800	0.7516	0.5482	NaN	NaN	NaN	696
35062	56.1667	16.1167	8043	0.0	11	0.0000	2.7800	0.6734	0.4126	NaN	NaN	NaN	658
35062	56.1667	16.1167	8043	0.0	12	0.0000	3.2000	1.0146	0.5640	NaN	NaN	NaN	699
35063	56.0667	16.6833	8043	0.0	1	0.0000	7.2100	1.4196	0.8390	NaN	NaN	NaN	13093
35063	56.0667	16.6833	8043	0.0	2	0.0000	6.2800	1.3365	0.7900	NaN	NaN	NaN	10881
35063	56.0667	16.6833	8043	0.0	3	0.0000	6.4200	1.0889	0.6620	NaN	NaN	NaN	12433
35063	56.0667	16.6833	8043	0.0	4	0.0000	5.4200	0.8024	0.6183	NaN	NaN	NaN	11119
35063	56.0667	16.6833	8043	0.0	5	0.0000	5.2300	0.6515	0.4784	NaN	NaN	NaN	12090
35063	56.0667	16.6833	8043	0.0	6	0.0000	4.0500	0.6604	0.4718	NaN	NaN	NaN	11110
35063	56.0667	16.6833	8043	0.0	7	0.0000	4.1300	0.7061	0.4524	NaN	NaN	NaN	13014
35063	56.0667	16.6833	8043	0.0	8	0.0000	4.5100	0.7283	0.4711	NaN	NaN	NaN	12670
35063	56.0667	16.6833	8043	0.0	9	0.0000	5.4700	0.9701	0.6224	NaN	NaN	NaN	11208
35063	56.0667	16.6833	8043	0.0	10	0.0000	5.8100	1.2080	0.6945	NaN	NaN	NaN	12215
35063	56.0667	16.6833	8043	0.0	11	0.0000	6.0900	1.2953	0.7666	NaN	NaN	NaN	13121
35063	56.0667	16.6833	8043	0.0	12	0.0000	6.6800	1.3694	0.7780	NaN	NaN	NaN	13628
35064	56.0667	16.6833	8043	0.0	1	0.0000	15.0000	NaN	NaN	NaN	NaN	NaN	0
35064	56.0667	16.6833	8043	0.0	2	0.0000	2.5900	0.9406	0.4705	NaN	NaN	NaN	670
35064	56.0667	16.6833	8043	0.0	3	0.0000	2.1100	1.0027	0.3962	NaN	NaN	NaN	254
35064	56.0667	16.6833	8043	0.0	4	0.0000	15.0000	NaN	NaN	NaN	NaN	NaN	0
35064	56.0667	16.6833	8043	0.0	5	0.0000	15.0000	NaN	NaN	NaN	NaN	NaN	0
35064	56.0667	16.6833	8043	0.0	6	0.0000	15.0000	NaN	NaN	NaN	NaN	NaN	0
35064	56.0667	16.6833	8043	0.0	7	0.0000	15.0000	NaN	NaN	NaN	NaN	NaN	0
35064	56.0667	16.6833	8043	0.0	8	0.0000	15.0000	NaN	NaN	NaN	NaN	NaN	0
35064	56.0667	16.6833	8043	0.0	9	0.0000	15.0000	NaN	NaN	NaN	NaN	NaN	0
35064	56.0667	16.6833	8043	0.0	10	0.0000	15.0000	NaN	NaN	NaN	NaN	NaN	0
35064	56.0667	16.6833	8043	0.0	11	0.0000	15.0000	NaN	NaN	NaN	NaN	NaN	0
35064	56.0667	16.6833	8043	0.0	12	0.0000	15.0000	NaN	NaN	NaN	NaN	NaN	0
35065	55.9333	15.3167	8043	0.0	1	0.0000	1.8600	0.9820	0.3849	NaN	NaN	NaN	302
35065	55.9333	15.3167	8043	0.0	2	0.0000	15.0000	NaN	NaN	NaN	NaN	NaN	0
35065	55.9333	15.3167	8043	0.0	3	0.0000	15.0000	NaN	NaN	NaN	NaN	NaN	0
35065	55.9333	15.3167	8043	0.0	4	0.0000	15.0000	NaN	NaN	NaN	NaN	NaN	0
35065	55.9333	15.3167	8043	0.0	5	0.0000	15.0000	NaN	NaN	NaN	NaN	NaN	0
35065	55.9333	15.3167	8043	0.0	6	0.0000	15.0000	NaN	NaN	NaN	NaN	NaN	0
35065	55.9333	15.3167	8043	0.0	7	0.0000	15.0000	NaN	NaN	NaN	NaN	NaN	0
35065	55.9333	15.3167	8043	0.0	8	0.0000	15.0000	NaN	NaN	NaN	NaN	NaN	0
35065	55.9333	15.3167	8043	0.0	9	0.0000	15.0000	NaN	NaN	NaN	NaN	NaN	0
35065	55.9333	15.3167	8043	0.0	10	0.0000	15.0000	NaN	NaN	NaN	NaN	NaN	0
35065	55.9333	15.3167	8043	0.0	11	0.0000	2.4000	1.0097	0.5827	NaN	NaN	NaN	392
35065	55.9333	15.3167	8043	0.0	12	0.0000	2.5300	0.9173	0.4965	NaN	NaN	NaN	722
35066	56.5500	12.7333	8043	0.0	1	0.0000	1.4000	0.6403	0.2777	NaN	NaN	NaN	176
35066	56.5500	12.7333	8043	0.0	2	0.0000	15.0000	NaN	NaN	NaN	NaN	NaN	0
35066	56.5500	12.7333	8043	0.0	3	0.0000	1.0800	0.3778	0.2266	NaN	NaN	NaN	303
35066	56.5500	12.7333	8043	0.0	4	0.0000	2.6200	0.4264	0.3819	NaN	NaN	NaN	896
35066	56.5500	12.7333	8043	0.0	5	0.0000	1.4100	0.3156	0.2407	NaN	NaN	NaN	1392
35066	56.5500	12.7333	8043	0.0	6	0.0000	1.8900	0.4775	0.3457	NaN	NaN	NaN	846
35066	56.5500	12.7333	8043	0.0	7	0.0000	2.1600	0.5146	0.4218	NaN	NaN	NaN	573
35066	56.5500	12.7333	8043	0.0	8	0.0000	2.3500	0.7263	0.5147	NaN	NaN	NaN	812
35066	56.5500	12.7333	8043	0.0	9	0.0000	4.4500	0.7611	0.6625	NaN	NaN	NaN	1424
35066	56.5500	12.7333	8043	0.0	10	0.0000	3.1600	0.8756	0.6010	NaN	NaN	NaN	804
35066	56.5500	12.7333	8043	0.0	11	0.0000	1.7100	0.6184	0.3402	NaN	NaN	NaN	700
35066	56.5500	12.7333	8043	0.0	12	0.0000	2.2600	0.5665	0.3954	NaN	NaN	NaN	725
35067	55.6000	12.8500	8043	0.0	1	0.0000	1.7400	0.4506	0.2446	NaN	NaN	NaN	8498
35067	55.6000	12.8500	8043	0.0	2	0.0000	1.9000	0.4561	0.2443	NaN	NaN	NaN	7926
35067	55.6000	12.8500	8043	0.0	3	0.0000	1.7600	0.3862	0.2206	NaN	NaN	NaN	8628
35067	55.6000	12.8500	8043	0.0	4	0.0000	1.5500	0.3075	0.2086	NaN	NaN	NaN	8999
35067	55.6000	12.8500	8043	0.0	5	0.0000	1.4700	0.2792	0.1804	NaN	NaN	NaN	8995
35067	55.6000	12.8500	8043	0.0	6	0.0000	1.6600	0.2691	0.1686	NaN	NaN	NaN	8192
35067	55.6000	12.8500	8043	0.0	7	0.0000	1.4200	0.2842	0.1734	NaN	NaN	NaN	7827
35067	55.6000	12.8500	8043	0.0	8	0.0000	1.4600	0.2974	0.1784	NaN	NaN	NaN	8687
35067	55.6000	12.8500	8043	0.0	9	0.0000	1.7900	0.3839	0.2119	NaN	NaN	NaN	8496
35067	55.6000	12.8500	8043	0.0	10	0.0000	3.5400	0.4258	0.2508	NaN	NaN	NaN	8327
35067	55.6000	12.8500	8043	0.0	11	0.0000	1.5800	0.4364	0.2297	NaN	NaN	NaN	9985
35067	55.6000	12.8500	8043	0.0	12	0.0000	1.3600	0.4496	0.2224	NaN	NaN	NaN	9226
35068	57.2167	11.8333	8043	0.0	1	0.0000	3.8700	1.0942	0.6185	NaN	NaN	NaN	4378
35068	57.2167	11.8333	8043	0.0	2	0.0000	3.8800	1.0167	0.5774	NaN	NaN	NaN	5026
35068	57.2167	11.8333	8043	0.0	3	0.0000	3.2900	0.8597	0.5679	NaN	NaN	NaN	5400
35068	57.2167	11.8333	8043	0.0	4	0.0000	2.7700	0.6511	0.4458	NaN	NaN	NaN	4925
35068	57.2167	11.8333	8043	0.0	5	0.0000	3.3600	0.5878	0.4094	NaN	NaN	NaN	3888
35068	57.2167	11.8333	8043	0.0	6	0.0000	2.6000	0.5775	0.3774	NaN	NaN	NaN	5054
35068	57.2167	11.8333	8043	0.0	7	0.0000	2.5100	0.6383	0.4265	NaN	NaN	NaN	6379
35068	57.2167	11.8333	8043	0.0	8	0.0000	2.2600	0.7029	0.4044	NaN	NaN	NaN	6191
35068	57.2167	11.8333	8043	0.0	9	0.0000	3.3900	0.7301	0.4885	NaN	NaN	NaN	5462
35068	57.2167	11.8333	8043	0.0	10	0.0000	2.9900	0.8712	0.5150	NaN	NaN	NaN	5326
35068	57.2167	11.8333	8043	0.0	11	0.0000	3.4600	0.8541	0.5347	NaN	NaN	NaN	5066
35068	57.2167	11.8333	8043	0.0	12	0.0000	3.3300	0.9373	0.5298	NaN	NaN	NaN	5716
35069	57.2167	11.5667	8043	0.0	1	0.0000	15.0000	NaN	NaN	NaN	NaN	NaN	0
35069	57.2167	11.5667	8043	0.0	2	0.0000	15.0000	NaN	NaN	NaN	NaN	NaN	0
35069	57.2167	11.5667	8043	0.0	3	0.0000	15.0000	NaN	NaN	NaN	NaN	NaN	0
35069	57.2167	11.5667	8043	0.0	4	0.0000	15.0000	NaN	NaN	NaN	NaN	NaN	0
35069	57.2167	11.5667	8043	0.0	5	0.0000	0.8000	0.3252	0.1591	NaN	NaN	NaN	290
35069	57.2167	11.5667	8043	0.0	6	0.0000	0.8500	0.3093	0.1382	NaN	NaN	NaN	136
35069	57.2167	11.5667	8043	0.0	7	0.0000	15.0000	NaN	NaN	NaN	NaN	NaN	0
35069	57.2167	11.5667	8043	0.0	8	0.0000	15.0000	NaN	NaN	NaN	NaN	NaN	0
35069	57.2167	11.5667	8043	0.0	9	0.0000	15.0000	NaN	NaN	NaN	NaN	NaN	0
35069	57.2167	11.5667	8043	0.0	10	0.0000	15.0000	NaN	NaN	NaN	NaN	NaN	0
35069	57.2167	11.5667	8043	0.0	11	0.0000	15.0000	NaN	NaN	NaN	NaN	NaN	0
35069	57.2167	11.5667	8043	0.0	12	0.0000	15.0000	NaN	NaN	NaN	NaN	NaN	0
35070	57.6000	11.6333	8043	0.0	1	0.0000	4.8900	0.9700	0.6428	NaN	NaN	NaN	12791
35070	57.6000	11.6333	8043	0.0	2	0.0000	4.3700	0.7862	0.5859	NaN	NaN	NaN	11486
35070	57.6000	11.6333	8043	0.0	3	0.0000	3.8900	0.7922	0.5655	NaN	NaN	NaN	12555
35070	57.6000	11.6333	8043	0.0	4	0.0000	3.3600	0.5422	0.4050	NaN	NaN	NaN	14161
35070	57.6000	11.6333	8043	0.0	5	0.0000	3.4800	0.5164	0.3776	NaN	NaN	NaN	12596
35070	57.6000	11.6333	8043	0.0	6	0.0000	3.0000	0.6071	0.4257	NaN	NaN	NaN	13610
35070	57.6000	11.6333	8043	0.0	7	0.0000	3.0000	0.6245	0.4340	NaN	NaN	NaN	14183
35070	57.6000	11.6333	8043	0.0	8	0.0000	2.8800	0.6311	0.4214	NaN	NaN	NaN	14964
35070	57.6000	11.6333	8043	0.0	9	0.0000	4.1300	0.7642	0.5485	NaN	NaN	NaN	14145
35070	57.6000	11.6333	8043	0.0	10	0.0000	4.9700	0.8976	0.5826	NaN	NaN	NaN	13378
35070	57.6000	11.6333	8043	0.0	11	0.0000	4.1400	0.8798	0.5887	NaN	NaN	NaN	13898
35070	57.6000	11.6333	8043	0.0	12	0.0000	4.8600	0.8984	0.5953	NaN	NaN	NaN	14277
35071	58.5833	11.0667	8043	0.0	1	0.0000	3.8300	1.2176	0.9826	NaN	NaN	NaN	230
35071	58.5833	11.0667	8043	0.0	2	0.0000	15.0000	NaN	NaN	NaN	NaN	NaN	0
35071	58.5833	11.0667	8043	0.0	3	0.0000	15.0000	NaN	NaN	NaN	NaN	NaN	0
35071	58.5833	11.0667	8043	0.0	4	0.0000	2.8900	0.6529	0.6006	NaN	NaN	NaN	280
35071	58.5833	11.0667	8043	0.0	5	0.0000	2.1300	0.4878	0.3884	NaN	NaN	NaN	690
35071	58.5833	11.0667	8043	0.0	6	0.0000	1.6200	0.5340	0.3393	NaN	NaN	NaN	311
35071	58.5833	11.0667	8043	0.0	7	0.0000	2.7500	0.4752	0.4620	NaN	NaN	NaN	655
35071	58.5833	11.0667	8043	0.0	8	0.0000	1.7900	0.4933	0.3510	NaN	NaN	NaN	370
35071	58.5833	11.0667	8043	0.0	9	0.0000	2.9500	0.8993	0.6139	NaN	NaN	NaN	601
35071	58.5833	11.0667	8043	0.0	10	0.0000	4.1800	1.1404	0.8273	NaN	NaN	NaN	598
35071	58.5833	11.0667	8043	0.0	11	0.0000	3.3500	1.0576	0.6941	NaN	NaN	NaN	298
35071	58.5833	11.0667	8043	0.0	12	0.0000	3.9600	1.5975	0.8448	NaN	NaN	NaN	696
35072	58.5333	10.9833	8043	0.0	1	0.0000	15.0000	NaN	NaN	NaN	NaN	NaN	0
35072	58.5333	10.9833	8043	0.0	2	0.0000	15.0000	NaN	NaN	NaN	NaN	NaN	0
35072	58.5333	10.9833	8043	0.0	3	0.0000	15.0000	NaN	NaN	NaN	NaN	NaN	0
35072	58.5333	10.9833	8043	0.0	4	0.0000	15.0000	NaN	NaN	NaN	NaN	NaN	0
35072	58.5333	10.9833	8043	0.0	5	0.0000	15.0000	NaN	NaN	NaN	NaN	NaN	0
35072	58.5333	10.9833	8043	0.0	6	0.0000	15.0000	NaN	NaN	NaN	NaN	NaN	0
35072	58.5333	10.9833	8043	0.0	7	0.0000	2.6900	0.8688	0.4520	NaN	NaN	NaN	211
35072	58.5333	10.9833	8043	0.0	8	0.0000	2.4100	0.8902	0.4491	NaN	NaN	NaN	692
35072	58.5333	10.9833	8043	0.0	9	0.0000	3.8200	1.4060	0.7805	NaN	NaN	NaN	711
35072	58.5333	10.9833	8043	0.0	10	0.0000	2.8200	1.1994	0.5126	NaN	NaN	NaN	615
35072	58.5333	10.9833	8043	0.0	11	0.0000	3.8700	1.6685	0.6900	NaN	NaN	NaN	511
35072	58.5333	10.9833	8043	0.0	12	0.0000	4.4500	1.8052	0.8849	NaN	NaN	NaN	360
