35001	63.3167	20.1667	8030	0.0	1	0.0000	360.0000	NaN	NaN	NaN	NaN	NaN	485
35001	63.3167	20.1667	8030	0.0	2	0.0000	360.0000	NaN	NaN	NaN	NaN	NaN	4
35001	63.3167	20.1667	8030	0.0	3	0.0000	360.0000	NaN	NaN	NaN	NaN	NaN	19
35001	63.3167	20.1667	8030	0.0	4	0.0000	360.0000	NaN	NaN	NaN	NaN	NaN	129
35001	63.3167	20.1667	8030	0.0	5	0.0000	360.0000	NaN	NaN	NaN	NaN	NaN	1472
35001	63.3167	20.1667	8030	0.0	6	0.0000	360.0000	NaN	NaN	NaN	NaN	NaN	3464
35001	63.3167	20.1667	8030	0.0	7	0.0000	360.0000	NaN	NaN	NaN	NaN	NaN	3826
35001	63.3167	20.1667	8030	0.0	8	0.0000	360.0000	NaN	NaN	NaN	NaN	NaN	3834
35001	63.3167	20.1667	8030	0.0	9	0.0000	360.0000	NaN	NaN	NaN	NaN	NaN	3773
35001	63.3167	20.1667	8030	0.0	10	0.0000	360.0000	NaN	NaN	NaN	NaN	NaN	3895
35001	63.3167	20.1667	8030	0.0	11	0.0000	360.0000	NaN	NaN	NaN	NaN	NaN	2876
35001	63.3167	20.1667	8030	0.0	12	0.0000	360.0000	NaN	NaN	NaN	NaN	NaN	1247
35002	61.0333	18.5167	8030	0.0	1	0.0000	360.0000	NaN	NaN	NaN	NaN	NaN	1720
35002	61.0333	18.5167	8030	0.0	2	0.0000	360.0000	NaN	NaN	NaN	NaN	NaN	885
35002	61.0333	18.5167	8030	0.0	3	0.0000	360.0000	NaN	NaN	NaN	NaN	NaN	404
35002	61.0333	18.5167	8030	0.0	4	0.0000	360.0000	NaN	NaN	NaN	NaN	NaN	1006
35002	61.0333	18.5167	8030	0.0	5	0.0000	360.0000	NaN	NaN	NaN	NaN	NaN	3320
35002	61.0333	18.5167	8030	0.0	6	0.0000	360.0000	NaN	NaN	NaN	NaN	NaN	4732
35002	61.0333	18.5167	8030	0.0	7	0.0000	360.0000	NaN	NaN	NaN	NaN	NaN	4888
35002	61.0333	18.5167	8030	0.0	8	0.0000	360.0000	NaN	NaN	NaN	NaN	NaN	4919
35002	61.0333	18.5167	8030	0.0	9	0.0000	360.0000	NaN	NaN	NaN	NaN	NaN	4522
35002	61.0333	18.5167	8030	0.0	10	0.0000	360.0000	NaN	NaN	NaN	NaN	NaN	4681
35002	61.0333	18.5167	8030	0.0	11	0.0000	360.0000	NaN	NaN	NaN	NaN	NaN	4452
35002	61.0333	18.5167	8030	0.0	12	0.0000	360.0000	NaN	NaN	NaN	NaN	NaN	2533
35003	60.5000	18.9167	8030	0.0	1	0.0000	360.0000	NaN	NaN	NaN	NaN	NaN	1375
35003	60.5000	18.9167	8030	0.0	2	0.0000	360.0000	NaN	NaN	NaN	NaN	NaN	572
35003	60.5000	18.9167	8030	0.0	3	0.0000	360.0000	NaN	NaN	NaN	NaN	NaN	377
35003	60.5000	18.9167	8030	0.0	4	0.0000	360.0000	NaN	NaN	NaN	NaN	NaN	1362
35003	60.5000	18.9167	8030	0.0	5	0.0000	360.0000	NaN	NaN	NaN	NaN	NaN	2867
35003	60.5000	18.9167	8030	0.0	6	0.0000	360.0000	NaN	NaN	NaN	NaN	NaN	3293
35003	60.5000	18.9167	8030	0.0	7	0.0000	360.0000	NaN	NaN	NaN	NaN	NaN	3406
35003	60.5000	18.9167	8030	0.0	8	0.0000	360.0000	NaN	NaN	NaN	NaN	NaN	3378
35003	60.5000	18.9167	8030	0.0	9	0.0000	360.0000	NaN	NaN	NaN	NaN	NaN	3064
35003	60.5000	18.9167	8030	0.0	10	0.0000	360.0000	NaN	NaN	NaN	NaN	NaN	3217
35003	60.5000	18.9167	8030	0.0	11	0.0000	360.0000	NaN	NaN	NaN	NaN	NaN	3114
35003	60.5000	18.9167	8030	0.0	12	0.0000	360.0000	NaN	NaN	NaN	NaN	NaN	2478
35004	59.5833	19.7833	8030	0.0	1	0.0000	360.0000	NaN	NaN	NaN	NaN	NaN	2012
35004	59.5833	19.7833	8030	0.0	2	0.0000	360.0000	NaN	NaN	NaN	NaN	NaN	1099
35004	59.5833	19.7833	8030	0.0	3	0.0000	360.0000	NaN	NaN	NaN	NaN	NaN	771
35004	59.5833	19.7833	8030	0.0	4	0.0000	360.0000	NaN	NaN	NaN	NaN	NaN	1920
35004	59.5833	19.7833	8030	0.0	5	0.0000	360.0000	NaN	NaN	NaN	NaN	NaN	3681
35004	59.5833	19.7833	8030	0.0	6	0.0000	360.0000	NaN	NaN	NaN	NaN	NaN	3840
35004	59.5833	19.7833	8030	0.0	7	0.0000	360.0000	NaN	NaN	NaN	NaN	NaN	3990
35004	59.5833	19.7833	8030	0.0	8	0.0000	360.0000	NaN	NaN	NaN	NaN	NaN	3994
35004	59.5833	19.7833	8030	0.0	9	0.0000	360.0000	NaN	NaN	NaN	NaN	NaN	3659
35004	59.5833	19.7833	8030	0.0	10	0.0000	360.0000	NaN	NaN	NaN	NaN	NaN	3761
35004	59.5833	19.7833	8030	0.0	11	0.0000	360.0000	NaN	NaN	NaN	NaN	NaN	3574
35004	59.5833	19.7833	8030	0.0	12	0.0000	360.0000	NaN	NaN	NaN	NaN	NaN	2885
35005	58.5833	19.1500	8030	0.0	1	0.0000	360.0000	NaN	NaN	NaN	NaN	NaN	28
35005	58.5833	19.1500	8030	0.0	2	0.0000	360.0000	NaN	NaN	NaN	NaN	NaN	0
35005	58.5833	19.1500	8030	0.0	3	0.0000	360.0000	NaN	NaN	NaN	NaN	NaN	110
35005	58.5833	19.1500	8030	0.0	4	0.0000	360.0000	NaN	NaN	NaN	NaN	NaN	1175
35005	58.5833	19.1500	8030	0.0	5	0.0000	360.0000	NaN	NaN	NaN	NaN	NaN	1885
35005	58.5833	19.1500	8030	0.0	6	0.0000	360.0000	NaN	NaN	NaN	NaN	NaN	1901
35005	58.5833	19.1500	8030	0.0	7	0.0000	360.0000	NaN	NaN	NaN	NaN	NaN	1970
35005	58.5833	19.1500	8030	0.0	8	0.0000	360.0000	NaN	NaN	NaN	NaN	NaN	2060
35005	58.5833	19.1500	8030	0.0	9	0.0000	360.0000	NaN	NaN	NaN	NaN	NaN	1720
35005	58.5833	19.1500	8030	0.0	10	0.0000	360.0000	NaN	NaN	NaN	NaN	NaN	1779
35005	58.5833	19.1500	8030	0.0	11	0.0000	360.0000	NaN	NaN	NaN	NaN	NaN	1697
35005	58.5833	19.1500	8030	0.0	12	0.0000	360.0000	NaN	NaN	NaN	NaN	NaN	646
35006	58.5500	17.5167	8030	0.0	1	0.0000	360.0000	NaN	NaN	NaN	NaN	NaN	455
35006	58.5500	17.5167	8030	0.0	2	0.0000	360.0000	NaN	NaN	NaN	NaN	NaN	303
35006	58.5500	17.5167	8030	0.0	3	0.0000	360.0000	NaN	NaN	NaN	NaN	NaN	272
35006	58.5500	17.5167	8030	0.0	4	0.0000	360.0000	NaN	NaN	NaN	NaN	NaN	378
35006	58.5500	17.5167	8030	0.0	5	0.0000	360.0000	NaN	NaN	NaN	NaN	NaN	495
35006	58.5500	17.5167	8030	0.0	6	0.0000	360.0000	NaN	NaN	NaN	NaN	NaN	480
35006	58.5500	17.5167	8030	0.0	7	0.0000	360.0000	NaN	NaN	NaN	NaN	NaN	495
35006	58.5500	17.5167	8030	0.0	8	0.0000	360.0000	NaN	NaN	NaN	NaN	NaN	495
35006	58.5500	17.5167	8030	0.0	9	0.0000	360.0000	NaN	NaN	NaN	NaN	NaN	473
35006	58.5500	17.5167	8030	0.0	10	0.0000	360.0000	NaN	NaN	NaN	NaN	NaN	453
35006	58.5500	17.5167	8030	0.0	11	0.0000	360.0000	NaN	NaN	NaN	NaN	NaN	507
35006	58.5500	17.5167	8030	0.0	12	0.0000	360.0000	NaN	NaN	NaN	NaN	NaN	496
35008	56.1167	16.5667	8030	0.0	1	0.0000	360.0000	NaN	NaN	NaN	NaN	NaN	708
35008	56.1167	16.5667	8030	0.0	2	0.0000	360.0000	NaN	NaN	NaN	NaN	NaN	585
35008	56.1167	16.5667	8030	0.0	3	0.0000	360.0000	NaN	NaN	NaN	NaN	NaN	566
35008	56.1167	16.5667	8030	0.0	4	0.0000	360.0000	NaN	NaN	NaN	NaN	NaN	603
35008	56.1167	16.5667	8030	0.0	5	0.0000	360.0000	NaN	NaN	NaN	NaN	NaN	675
35008	56.1167	16.5667	8030	0.0	6	0.0000	360.0000	NaN	NaN	NaN	NaN	NaN	682
35008	56.1167	16.5667	8030	0.0	7	0.0000	360.0000	NaN	NaN	NaN	NaN	NaN	680
35008	56.1167	16.5667	8030	0.0	8	0.0000	360.0000	NaN	NaN	NaN	NaN	NaN	713
35008	56.1167	16.5667	8030	0.0	9	0.0000	360.0000	NaN	NaN	NaN	NaN	NaN	690
35008	56.1167	16.5667	8030	0.0	10	0.0000	360.0000	NaN	NaN	NaN	NaN	NaN	713
35008	56.1167	16.5667	8030	0.0	11	0.0000	360.0000	NaN	NaN	NaN	NaN	NaN	690
35008	56.1167	16.5667	8030	0.0	12	0.0000	360.0000	NaN	NaN	NaN	NaN	NaN	681
35010	55.3000	12.7833	8030	0.0	1	0.0000	360.0000	NaN	NaN	NaN	NaN	NaN	3896
35010	55.3000	12.7833	8030	0.0	2	0.0000	360.0000	NaN	NaN	NaN	NaN	NaN	3094
35010	55.3000	12.7833	8030	0.0	3	0.0000	360.0000	NaN	NaN	NaN	NaN	NaN	3679
35010	55.3000	12.7833	8030	0.0	4	0.0000	360.0000	NaN	NaN	NaN	NaN	NaN	4217
35010	55.3000	12.7833	8030	0.0	5	0.0000	360.0000	NaN	NaN	NaN	NaN	NaN	4497
35010	55.3000	12.7833	8030	0.0	6	0.0000	360.0000	NaN	NaN	NaN	NaN	NaN	4286
35010	55.3000	12.7833	8030	0.0	7	0.0000	360.0000	NaN	NaN	NaN	NaN	NaN	4549
35010	55.3000	12.7833	8030	0.0	8	0.0000	360.0000	NaN	NaN	NaN	NaN	NaN	4644
35010	55.3000	12.7833	8030	0.0	9	0.0000	360.0000	NaN	NaN	NaN	NaN	NaN	4464
35010	55.3000	12.7833	8030	0.0	10	0.0000	360.0000	NaN	NaN	NaN	NaN	NaN	4615
35010	55.3000	12.7833	8030	0.0	11	0.0000	360.0000	NaN	NaN	NaN	NaN	NaN	4447
35010	55.3000	12.7833	8030	0.0	12	0.0000	360.0000	NaN	NaN	NaN	NaN	NaN	4477
35011	55.5833	12.8500	8030	0.0	1	0.0000	360.0000	NaN	NaN	NaN	NaN	NaN	3080
35011	55.5833	12.8500	8030	0.0	2	0.0000	360.0000	NaN	NaN	NaN	NaN	NaN	2330
35011	55.5833	12.8500	8030	0.0	3	0.0000	360.0000	NaN	NaN	NaN	NaN	NaN	2731
35011	55.5833	12.8500	8030	0.0	4	0.0000	360.0000	NaN	NaN	NaN	NaN	NaN	3130
35011	55.5833	12.8500	8030	0.0	5	0.0000	360.0000	NaN	NaN	NaN	NaN	NaN	3277
35011	55.5833	12.8500	8030	0.0	6	0.0000	360.0000	NaN	NaN	NaN	NaN	NaN	3199
35011	55.5833	12.8500	8030	0.0	7	0.0000	360.0000	NaN	NaN	NaN	NaN	NaN	3315
35011	55.5833	12.8500	8030	0.0	8	0.0000	360.0000	NaN	NaN	NaN	NaN	NaN	3476
35011	55.5833	12.8500	8030	0.0	9	0.0000	360.0000	NaN	NaN	NaN	NaN	NaN	3310
35011	55.5833	12.8500	8030	0.0	10	0.0000	360.0000	NaN	NaN	NaN	NaN	NaN	3450
35011	55.5833	12.8500	8030	0.0	11	0.0000	360.0000	NaN	NaN	NaN	NaN	NaN	3319
35011	55.5833	12.8500	8030	0.0	12	0.0000	360.0000	NaN	NaN	NaN	NaN	NaN	3341
35012	55.6167	12.8833	8030	0.0	1	0.0000	360.0000	NaN	NaN	NaN	NaN	NaN	1924
35012	55.6167	12.8833	8030	0.0	2	0.0000	360.0000	NaN	NaN	NaN	NaN	NaN	1424
35012	55.6167	12.8833	8030	0.0	3	0.0000	360.0000	NaN	NaN	NaN	NaN	NaN	1691
35012	55.6167	12.8833	8030	0.0	4	0.0000	360.0000	NaN	NaN	NaN	NaN	NaN	1910
35012	55.6167	12.8833	8030	0.0	5	0.0000	360.0000	NaN	NaN	NaN	NaN	NaN	2080
35012	55.6167	12.8833	8030	0.0	6	0.0000	360.0000	NaN	NaN	NaN	NaN	NaN	2014
35012	55.6167	12.8833	8030	0.0	7	0.0000	360.0000	NaN	NaN	NaN	NaN	NaN	2111
35012	55.6167	12.8833	8030	0.0	8	0.0000	360.0000	NaN	NaN	NaN	NaN	NaN	2181
35012	55.6167	12.8833	8030	0.0	9	0.0000	360.0000	NaN	NaN	NaN	NaN	NaN	2068
35012	55.6167	12.8833	8030	0.0	10	0.0000	360.0000	NaN	NaN	NaN	NaN	NaN	2115
35012	55.6167	12.8833	8030	0.0	11	0.0000	360.0000	NaN	NaN	NaN	NaN	NaN	2011
35012	55.6167	12.8833	8030	0.0	12	0.0000	360.0000	NaN	NaN	NaN	NaN	NaN	2030
35013	56.1667	12.5167	8030	0.0	1	0.0000	360.0000	NaN	NaN	NaN	NaN	NaN	2991
35013	56.1667	12.5167	8030	0.0	2	0.0000	360.0000	NaN	NaN	NaN	NaN	NaN	2566
35013	56.1667	12.5167	8030	0.0	3	0.0000	360.0000	NaN	NaN	NaN	NaN	NaN	2889
35013	56.1667	12.5167	8030	0.0	4	0.0000	360.0000	NaN	NaN	NaN	NaN	NaN	2980
35013	56.1667	12.5167	8030	0.0	5	0.0000	360.0000	NaN	NaN	NaN	NaN	NaN	3065
35013	56.1667	12.5167	8030	0.0	6	0.0000	360.0000	NaN	NaN	NaN	NaN	NaN	2959
35013	56.1667	12.5167	8030	0.0	7	0.0000	360.0000	NaN	NaN	NaN	NaN	NaN	3080
35013	56.1667	12.5167	8030	0.0	8	0.0000	360.0000	NaN	NaN	NaN	NaN	NaN	3103
35013	56.1667	12.5167	8030	0.0	9	0.0000	360.0000	NaN	NaN	NaN	NaN	NaN	3015
35013	56.1667	12.5167	8030	0.0	10	0.0000	360.0000	NaN	NaN	NaN	NaN	NaN	3112
35013	56.1667	12.5167	8030	0.0	11	0.0000	360.0000	NaN	NaN	NaN	NaN	NaN	3011
35013	56.1667	12.5167	8030	0.0	12	0.0000	360.0000	NaN	NaN	NaN	NaN	NaN	3102
35015	57.1667	11.6667	8030	0.0	1	0.0000	360.0000	NaN	NaN	NaN	NaN	NaN	3814
35015	57.1667	11.6667	8030	0.0	2	0.0000	360.0000	NaN	NaN	NaN	NaN	NaN	3132
35015	57.1667	11.6667	8030	0.0	3	0.0000	360.0000	NaN	NaN	NaN	NaN	NaN	3660
35015	57.1667	11.6667	8030	0.0	4	0.0000	360.0000	NaN	NaN	NaN	NaN	NaN	4159
35015	57.1667	11.6667	8030	0.0	5	0.0000	360.0000	NaN	NaN	NaN	NaN	NaN	4343
35015	57.1667	11.6667	8030	0.0	6	0.0000	360.0000	NaN	NaN	NaN	NaN	NaN	4228
35015	57.1667	11.6667	8030	0.0	7	0.0000	360.0000	NaN	NaN	NaN	NaN	NaN	4395
35015	57.1667	11.6667	8030	0.0	8	0.0000	360.0000	NaN	NaN	NaN	NaN	NaN	4412
35015	57.1667	11.6667	8030	0.0	9	0.0000	360.0000	NaN	NaN	NaN	NaN	NaN	4262
35015	57.1667	11.6667	8030	0.0	10	0.0000	360.0000	NaN	NaN	NaN	NaN	NaN	4363
35015	57.1667	11.6667	8030	0.0	11	0.0000	360.0000	NaN	NaN	NaN	NaN	NaN	4114
35015	57.1667	11.6667	8030	0.0	12	0.0000	360.0000	NaN	NaN	NaN	NaN	NaN	4206
35016	57.5667	11.6000	8030	0.0	1	0.0000	360.0000	NaN	NaN	NaN	NaN	NaN	1361
35016	57.5667	11.6000	8030	0.0	2	0.0000	360.0000	NaN	NaN	NaN	NaN	NaN	1154
35016	57.5667	11.6000	8030	0.0	3	0.0000	360.0000	NaN	NaN	NaN	NaN	NaN	1249
35016	57.5667	11.6000	8030	0.0	4	0.0000	360.0000	NaN	NaN	NaN	NaN	NaN	1486
35016	57.5667	11.6000	8030	0.0	5	0.0000	360.0000	NaN	NaN	NaN	NaN	NaN	1544
35016	57.5667	11.6000	8030	0.0	6	0.0000	360.0000	NaN	NaN	NaN	NaN	NaN	1515
35016	57.5667	11.6000	8030	0.0	7	0.0000	360.0000	NaN	NaN	NaN	NaN	NaN	1546
35016	57.5667	11.6000	8030	0.0	8	0.0000	360.0000	NaN	NaN	NaN	NaN	NaN	1548
35016	57.5667	11.6000	8030	0.0	9	0.0000	360.0000	NaN	NaN	NaN	NaN	NaN	1494
35016	57.5667	11.6000	8030	0.0	10	0.0000	360.0000	NaN	NaN	NaN	NaN	NaN	1544
35016	57.5667	11.6000	8030	0.0	11	0.0000	360.0000	NaN	NaN	NaN	NaN	NaN	1499
35016	57.5667	11.6000	8030	0.0	12	0.0000	360.0000	NaN	NaN	NaN	NaN	NaN	1440
35021	58.8833	10.8333	8030	0.0	1	0.0000	360.0000	NaN	NaN	NaN	NaN	NaN	163
35021	58.8833	10.8333	8030	0.0	2	0.0000	360.0000	NaN	NaN	NaN	NaN	NaN	162
35021	58.8833	10.8333	8030	0.0	3	0.0000	360.0000	NaN	NaN	NaN	NaN	NaN	155
35021	58.8833	10.8333	8030	0.0	4	0.0000	360.0000	NaN	NaN	NaN	NaN	NaN	180
35021	58.8833	10.8333	8030	0.0	5	0.0000	360.0000	NaN	NaN	NaN	NaN	NaN	186
35021	58.8833	10.8333	8030	0.0	6	0.0000	360.0000	NaN	NaN	NaN	NaN	NaN	177
35021	58.8833	10.8333	8030	0.0	7	0.0000	360.0000	NaN	NaN	NaN	NaN	NaN	186
35021	58.8833	10.8333	8030	0.0	8	0.0000	360.0000	NaN	NaN	NaN	NaN	NaN	186
35021	58.8833	10.8333	8030	0.0	9	0.0000	360.0000	NaN	NaN	NaN	NaN	NaN	180
35021	58.8833	10.8333	8030	0.0	10	0.0000	360.0000	NaN	NaN	NaN	NaN	NaN	186
35021	58.8833	10.8333	8030	0.0	11	0.0000	360.0000	NaN	NaN	NaN	NaN	NaN	180
35021	58.8833	10.8333	8030	0.0	12	0.0000	360.0000	NaN	NaN	NaN	NaN	NaN	186
