33001	57.2167	11.5667	8043	0.0	1	0.0000	3.9844	1.2260	0.6682	NaN	NaN	NaN	1596
33001	57.2167	11.5667	8043	0.0	2	0.0000	2.6367	1.0524	0.5333	NaN	NaN	NaN	437
33001	57.2167	11.5667	8043	0.0	3	0.0000	15.0000	NaN	NaN	NaN	NaN	NaN	0
33001	57.2167	11.5667	8043	0.0	4	0.0000	1.6992	0.6110	0.3189	NaN	NaN	NaN	1264
33001	57.2167	11.5667	8043	0.0	5	0.0000	2.3438	0.6344	0.3872	NaN	NaN	NaN	3154
33001	57.2167	11.5667	8043	0.0	6	0.0000	2.7539	0.7586	0.4226	NaN	NaN	NaN	4488
33001	57.2167	11.5667	8043	0.0	7	0.0000	2.4023	0.6137	0.3706	NaN	NaN	NaN	4857
33001	57.2167	11.5667	8043	0.0	8	0.0000	3.5742	0.6963	0.4181	NaN	NaN	NaN	4811
33001	57.2167	11.5667	8043	0.0	9	0.0000	3.0469	0.9206	0.4997	NaN	NaN	NaN	3183
33001	57.2167	11.5667	8043	0.0	10	0.0000	2.7539	0.8945	0.4883	NaN	NaN	NaN	3492
33001	57.2167	11.5667	8043	0.0	11	0.0000	4.1016	1.0751	0.5707	NaN	NaN	NaN	2913
33001	57.2167	11.5667	8043	0.0	12	0.0000	3.3398	1.0298	0.5514	NaN	NaN	NaN	2167
33002	58.9333	19.1667	8043	0.0	1	0.0000	4.4991	1.4671	0.8351	NaN	NaN	NaN	1562
33002	58.9333	19.1667	8043	0.0	2	0.0000	3.3813	1.1168	0.5882	NaN	NaN	NaN	1625
33002	58.9333	19.1667	8043	0.0	3	0.0000	3.9475	1.0724	0.5506	NaN	NaN	NaN	1653
33002	58.9333	19.1667	8043	0.0	4	0.0000	2.8000	0.6253	0.4132	NaN	NaN	NaN	1703
33002	58.9333	19.1667	8043	0.0	5	0.0000	2.8711	0.6207	0.3836	NaN	NaN	NaN	4441
33002	58.9333	19.1667	8043	0.0	6	0.0000	2.7596	0.6480	0.4051	NaN	NaN	NaN	6481
33002	58.9333	19.1667	8043	0.0	7	0.0000	3.1641	0.7125	0.4360	NaN	NaN	NaN	6748
33002	58.9333	19.1667	8043	0.0	8	0.0000	3.8617	0.8140	0.4897	NaN	NaN	NaN	6522
33002	58.9333	19.1667	8043	0.0	9	0.0000	4.2027	1.0166	0.5804	NaN	NaN	NaN	6276
33002	58.9333	19.1667	8043	0.0	10	0.0000	4.7400	1.2953	0.7535	NaN	NaN	NaN	6420
33002	58.9333	19.1667	8043	0.0	11	0.0000	5.6600	1.2858	0.7736	NaN	NaN	NaN	3792
33002	58.9333	19.1667	8043	0.0	12	0.0000	5.0436	1.4449	0.7371	NaN	NaN	NaN	1883
33003	60.9000	18.6167	8043	0.0	1	0.0000	5.2740	1.1990	0.7127	NaN	NaN	NaN	3652
33003	60.9000	18.6167	8043	0.0	2	0.0000	4.4160	1.0054	0.6278	NaN	NaN	NaN	2226
33003	60.9000	18.6167	8043	0.0	3	0.0000	3.5333	0.9152	0.5672	NaN	NaN	NaN	2443
33003	60.9000	18.6167	8043	0.0	4	0.0000	3.5333	0.6240	0.4889	NaN	NaN	NaN	2407
33003	60.9000	18.6167	8043	0.0	5	0.0000	2.7134	0.5222	0.3832	NaN	NaN	NaN	4201
33003	60.9000	18.6167	8043	0.0	6	0.0000	2.8198	0.5260	0.4024	NaN	NaN	NaN	6578
33003	60.9000	18.6167	8043	0.0	7	0.0000	3.2805	0.6480	0.4551	NaN	NaN	NaN	6187
33003	60.9000	18.6167	8043	0.0	8	0.0000	3.2805	0.6680	0.4479	NaN	NaN	NaN	7638
33003	60.9000	18.6167	8043	0.0	9	0.0000	4.4960	0.8563	0.5944	NaN	NaN	NaN	7292
33003	60.9000	18.6167	8043	0.0	10	0.0000	5.2453	1.0288	0.6277	NaN	NaN	NaN	7611
33003	60.9000	18.6167	8043	0.0	11	0.0000	6.2000	1.1759	0.7546	NaN	NaN	NaN	6902
33003	60.9000	18.6167	8043	0.0	12	0.0000	4.2600	1.1938	0.6326	NaN	NaN	NaN	6296
33004	55.9167	18.7833	8043	0.0	1	0.0000	6.2406	1.7729	0.9963	NaN	NaN	NaN	3005
33004	55.9167	18.7833	8043	0.0	2	0.0000	7.1568	1.5590	0.9444	NaN	NaN	NaN	2549
33004	55.9167	18.7833	8043	0.0	3	0.0000	5.2453	1.2073	0.7378	NaN	NaN	NaN	3586
33004	55.9167	18.7833	8043	0.0	4	0.0000	4.2391	0.7953	0.6510	NaN	NaN	NaN	3206
33004	55.9167	18.7833	8043	0.0	5	0.0000	3.5333	0.7458	0.5150	NaN	NaN	NaN	3053
33004	55.9167	18.7833	8043	0.0	6	0.0000	5.2453	0.7985	0.6219	NaN	NaN	NaN	2879
33004	55.9167	18.7833	8043	0.0	7	0.0000	3.9435	0.8513	0.6288	NaN	NaN	NaN	2712
33004	55.9167	18.7833	8043	0.0	8	0.0000	3.5333	0.9264	0.5932	NaN	NaN	NaN	1911
33004	55.9167	18.7833	8043	0.0	9	0.0000	5.8238	1.4471	0.8853	NaN	NaN	NaN	2466
33004	55.9167	18.7833	8043	0.0	10	0.0000	7.8900	1.7518	1.1477	NaN	NaN	NaN	2212
33004	55.9167	18.7833	8043	0.0	11	0.0000	5.4322	1.8616	0.9476	NaN	NaN	NaN	2124
33004	55.9167	18.7833	8043	0.0	12	0.0000	5.2453	1.5549	0.9381	NaN	NaN	NaN	2586
33005	58.4833	10.9333	8043	0.0	1	0.0000	15.0000	NaN	NaN	NaN	NaN	NaN	0
33005	58.4833	10.9333	8043	0.0	2	0.0000	0.6200	0.5425	0.0557	NaN	NaN	NaN	8
33005	58.4833	10.9333	8043	0.0	3	0.0000	3.9300	1.1891	0.8527	NaN	NaN	NaN	742
33005	58.4833	10.9333	8043	0.0	4	0.0000	3.3400	1.0270	0.7314	NaN	NaN	NaN	419
33005	58.4833	10.9333	8043	0.0	5	0.0000	15.0000	NaN	NaN	NaN	NaN	NaN	0
33005	58.4833	10.9333	8043	0.0	6	0.0000	2.1800	0.7510	0.3606	NaN	NaN	NaN	303
33005	58.4833	10.9333	8043	0.0	7	0.0000	2.7700	0.6747	0.6250	NaN	NaN	NaN	743
33005	58.4833	10.9333	8043	0.0	8	0.0000	3.9400	1.0866	0.6816	NaN	NaN	NaN	742
33005	58.4833	10.9333	8043	0.0	9	0.0000	3.3900	0.7144	0.6910	NaN	NaN	NaN	720
33005	58.4833	10.9333	8043	0.0	10	0.0000	4.3100	1.2897	0.7660	NaN	NaN	NaN	1213
33005	58.4833	10.9333	8043	0.0	11	0.0000	4.1300	1.0667	0.6222	NaN	NaN	NaN	772
33005	58.4833	10.9333	8043	0.0	12	0.0000	5.4800	1.5969	1.3428	NaN	NaN	NaN	74
33008	57.5167	17.6167	8043	0.0	1	0.0000	4.9150	1.3877	0.8265	NaN	NaN	NaN	3089
33008	57.5167	17.6167	8043	0.0	2	0.0000	4.1090	1.0977	0.6642	NaN	NaN	NaN	2821
33008	57.5167	17.6167	8043	0.0	3	0.0000	4.0350	0.8547	0.6004	NaN	NaN	NaN	2729
33008	57.5167	17.6167	8043	0.0	4	0.0000	3.4840	0.7813	0.5335	NaN	NaN	NaN	2740
33008	57.5167	17.6167	8043	0.0	5	0.0000	3.4840	0.6364	0.4099	NaN	NaN	NaN	3514
33008	57.5167	17.6167	8043	0.0	6	0.0000	2.9410	0.6705	0.4347	NaN	NaN	NaN	3559
33008	57.5167	17.6167	8043	0.0	7	0.0000	3.1140	0.6767	0.4084	NaN	NaN	NaN	3082
33008	57.5167	17.6167	8043	0.0	8	0.0000	2.4690	0.6795	0.3972	NaN	NaN	NaN	2944
33008	57.5167	17.6167	8043	0.0	9	0.0000	4.4960	0.9062	0.5712	NaN	NaN	NaN	2812
33008	57.5167	17.6167	8043	0.0	10	0.0000	4.3380	1.0109	0.5995	NaN	NaN	NaN	2907
33008	57.5167	17.6167	8043	0.0	11	0.0000	4.7430	1.1785	0.6351	NaN	NaN	NaN	3301
33008	57.5167	17.6167	8043	0.0	12	0.0000	4.4960	1.4271	0.6494	NaN	NaN	NaN	4166
33011	57.2167	11.5667	8043	0.0	1	0.0000	3.9435	1.0288	0.6759	NaN	NaN	NaN	442
33011	57.2167	11.5667	8043	0.0	2	0.0000	2.6102	0.7833	0.5260	NaN	NaN	NaN	672
33011	57.2167	11.5667	8043	0.0	3	0.0000	1.8134	0.6853	0.3458	NaN	NaN	NaN	741
33011	57.2167	11.5667	8043	0.0	4	0.0000	1.5938	0.6586	0.3321	NaN	NaN	NaN	577
33011	57.2167	11.5667	8043	0.0	5	0.0000	15.0000	NaN	NaN	NaN	NaN	NaN	0
33011	57.2167	11.5667	8043	0.0	6	0.0000	15.0000	NaN	NaN	NaN	NaN	NaN	0
33011	57.2167	11.5667	8043	0.0	7	0.0000	15.0000	NaN	NaN	NaN	NaN	NaN	0
33011	57.2167	11.5667	8043	0.0	8	0.0000	15.0000	NaN	NaN	NaN	NaN	NaN	0
33011	57.2167	11.5667	8043	0.0	9	0.0000	15.0000	NaN	NaN	NaN	NaN	NaN	0
33011	57.2167	11.5667	8043	0.0	10	0.0000	15.0000	NaN	NaN	NaN	NaN	NaN	0
33011	57.2167	11.5667	8043	0.0	11	0.0000	15.0000	NaN	NaN	NaN	NaN	NaN	0
33011	57.2167	11.5667	8043	0.0	12	0.0000	15.0000	NaN	NaN	NaN	NaN	NaN	0
33012	58.9333	19.1667	8043	0.0	1	0.0000	15.0000	NaN	NaN	NaN	NaN	NaN	0
33012	58.9333	19.1667	8043	0.0	2	0.0000	3.0429	1.2715	0.6886	NaN	NaN	NaN	456
33012	58.9333	19.1667	8043	0.0	3	0.0000	4.5538	0.9008	0.6802	NaN	NaN	NaN	738
33012	58.9333	19.1667	8043	0.0	4	0.0000	2.2283	0.9330	0.4866	NaN	NaN	NaN	272
33012	58.9333	19.1667	8043	0.0	5	0.0000	15.0000	NaN	NaN	NaN	NaN	NaN	0
33012	58.9333	19.1667	8043	0.0	6	0.0000	15.0000	NaN	NaN	NaN	NaN	NaN	0
33012	58.9333	19.1667	8043	0.0	7	0.0000	15.0000	NaN	NaN	NaN	NaN	NaN	0
33012	58.9333	19.1667	8043	0.0	8	0.0000	15.0000	NaN	NaN	NaN	NaN	NaN	0
33012	58.9333	19.1667	8043	0.0	9	0.0000	2.9700	1.4231	0.6354	NaN	NaN	NaN	800
33012	58.9333	19.1667	8043	0.0	10	0.0000	3.4300	1.0359	0.6753	NaN	NaN	NaN	1488
33012	58.9333	19.1667	8043	0.0	11	0.0000	3.9435	1.3725	0.7555	NaN	NaN	NaN	1440
33012	58.9333	19.1667	8043	0.0	12	0.0000	4.0890	1.8737	0.8611	NaN	NaN	NaN	603
33015	58.4833	10.9333	8043	0.0	1	0.0000	7.9231	1.4704	1.1055	NaN	NaN	NaN	7068
33015	58.4833	10.9333	8043	0.0	2	0.0000	6.4591	1.1998	0.8546	NaN	NaN	NaN	4325
33015	58.4833	10.9333	8043	0.0	3	0.0000	6.0290	1.0293	0.7369	NaN	NaN	NaN	5322
33015	58.4833	10.9333	8043	0.0	4	0.0000	3.9435	0.8529	0.6352	NaN	NaN	NaN	7072
33015	58.4833	10.9333	8043	0.0	5	0.0000	4.8888	0.8860	0.6932	NaN	NaN	NaN	7264
33015	58.4833	10.9333	8043	0.0	6	0.0000	4.0890	0.9053	0.6479	NaN	NaN	NaN	7490
33015	58.4833	10.9333	8043	0.0	7	0.0000	6.2406	0.8604	0.6654	NaN	NaN	NaN	8239
33015	58.4833	10.9333	8043	0.0	8	0.0000	5.4322	0.9029	0.6656	NaN	NaN	NaN	7052
33015	58.4833	10.9333	8043	0.0	9	0.0000	6.2406	1.1551	0.7706	NaN	NaN	NaN	6734
33015	58.4833	10.9333	8043	0.0	10	0.0000	5.6249	1.1740	0.8261	NaN	NaN	NaN	7929
33015	58.4833	10.9333	8043	0.0	11	0.0000	7.4043	1.4527	0.9621	NaN	NaN	NaN	7777
33015	58.4833	10.9333	8043	0.0	12	0.0000	7.5764	1.4714	1.0664	NaN	NaN	NaN	7974
33030	58.1835	11.0153	8043	0.0	1	0.0000	6.9169	1.8730	1.3878	NaN	NaN	NaN	568
33030	58.1835	11.0153	8043	0.0	2	0.0000	6.0290	1.9713	1.1590	NaN	NaN	NaN	680
33030	58.1835	11.0153	8043	0.0	3	0.0000	4.3940	1.3911	0.7984	NaN	NaN	NaN	730
33030	58.1835	11.0153	8043	0.0	4	0.0000	2.2283	0.7365	0.3944	NaN	NaN	NaN	410
33030	58.1835	11.0153	8043	0.0	5	0.0000	15.0000	NaN	NaN	NaN	NaN	NaN	0
33030	58.1835	11.0153	8043	0.0	6	0.0000	15.0000	NaN	NaN	NaN	NaN	NaN	0
33030	58.1835	11.0153	8043	0.0	7	0.0000	15.0000	NaN	NaN	NaN	NaN	NaN	0
33030	58.1835	11.0153	8043	0.0	8	0.0000	15.0000	NaN	NaN	NaN	NaN	NaN	0
33030	58.1835	11.0153	8043	0.0	9	0.0000	15.0000	NaN	NaN	NaN	NaN	NaN	0
33030	58.1835	11.0153	8043	0.0	10	0.0000	15.0000	NaN	NaN	NaN	NaN	NaN	0
33030	58.1835	11.0153	8043	0.0	11	0.0000	15.0000	NaN	NaN	NaN	NaN	NaN	0
33030	58.1835	11.0153	8043	0.0	12	0.0000	15.0000	NaN	NaN	NaN	NaN	NaN	0
33031	58.5827	16.1473	8043	0.0	1	0.0000	15.0000	NaN	NaN	NaN	NaN	NaN	0
33031	58.5827	16.1473	8043	0.0	2	0.0000	15.0000	NaN	NaN	NaN	NaN	NaN	0
33031	58.5827	16.1473	8043	0.0	3	0.0000	15.0000	NaN	NaN	NaN	NaN	NaN	0
33031	58.5827	16.1473	8043	0.0	4	0.0000	0.4152	0.0741	0.0788	NaN	NaN	NaN	422
33031	58.5827	16.1473	8043	0.0	5	0.0000	0.3208	0.0713	0.0742	NaN	NaN	NaN	313
33031	58.5827	16.1473	8043	0.0	6	0.0000	15.0000	NaN	NaN	NaN	NaN	NaN	0
33031	58.5827	16.1473	8043	0.0	7	0.0000	15.0000	NaN	NaN	NaN	NaN	NaN	0
33031	58.5827	16.1473	8043	0.0	8	0.0000	15.0000	NaN	NaN	NaN	NaN	NaN	0
33031	58.5827	16.1473	8043	0.0	9	0.0000	15.0000	NaN	NaN	NaN	NaN	NaN	0
33031	58.5827	16.1473	8043	0.0	10	0.0000	15.0000	NaN	NaN	NaN	NaN	NaN	0
33031	58.5827	16.1473	8043	0.0	11	0.0000	15.0000	NaN	NaN	NaN	NaN	NaN	0
33031	58.5827	16.1473	8043	0.0	12	0.0000	15.0000	NaN	NaN	NaN	NaN	NaN	0
33032	59.0144	18.2253	8043	0.0	1	0.0000	15.0000	NaN	NaN	NaN	NaN	NaN	0
33032	59.0144	18.2253	8043	0.0	2	0.0000	15.0000	NaN	NaN	NaN	NaN	NaN	0
33032	59.0144	18.2253	8043	0.0	3	0.0000	15.0000	NaN	NaN	NaN	NaN	NaN	0
33032	59.0144	18.2253	8043	0.0	4	0.0000	15.0000	NaN	NaN	NaN	NaN	NaN	0
33032	59.0144	18.2253	8043	0.0	5	0.0000	15.0000	NaN	NaN	NaN	NaN	NaN	0
33032	59.0144	18.2253	8043	0.0	6	0.0000	15.0000	NaN	NaN	NaN	NaN	NaN	0
33032	59.0144	18.2253	8043	0.0	7	0.0000	15.0000	NaN	NaN	NaN	NaN	NaN	0
33032	59.0144	18.2253	8043	0.0	8	0.0000	15.0000	NaN	NaN	NaN	NaN	NaN	0
33032	59.0144	18.2253	8043	0.0	9	0.0000	15.0000	NaN	NaN	NaN	NaN	NaN	0
33032	59.0144	18.2253	8043	0.0	10	0.0000	0.8023	0.2379	0.1930	NaN	NaN	NaN	349
33032	59.0144	18.2253	8043	0.0	11	0.0000	0.9943	0.3231	0.2081	NaN	NaN	NaN	717
33032	59.0144	18.2253	8043	0.0	12	0.0000	1.2707	0.3988	0.2270	NaN	NaN	NaN	735
33033	58.2500	11.2167	8043	0.0	1	0.0000	15.0000	NaN	NaN	NaN	NaN	NaN	0
33033	58.2500	11.2167	8043	0.0	2	0.0000	15.0000	NaN	NaN	NaN	NaN	NaN	0
33033	58.2500	11.2167	8043	0.0	3	0.0000	15.0000	NaN	NaN	NaN	NaN	NaN	0
33033	58.2500	11.2167	8043	0.0	4	0.0000	15.0000	NaN	NaN	NaN	NaN	NaN	0
33033	58.2500	11.2167	8043	0.0	5	0.0000	15.0000	NaN	NaN	NaN	NaN	NaN	0
33033	58.2500	11.2167	8043	0.0	6	0.0000	15.0000	NaN	NaN	NaN	NaN	NaN	0
33033	58.2500	11.2167	8043	0.0	7	0.0000	15.0000	NaN	NaN	NaN	NaN	NaN	0
33033	58.2500	11.2167	8043	0.0	8	0.0000	15.0000	NaN	NaN	NaN	NaN	NaN	0
33033	58.2500	11.2167	8043	0.0	9	0.0000	15.0000	NaN	NaN	NaN	NaN	NaN	0
33033	58.2500	11.2167	8043	0.0	10	0.0000	15.0000	NaN	NaN	NaN	NaN	NaN	0
33033	58.2500	11.2167	8043	0.0	11	0.0000	15.0000	NaN	NaN	NaN	NaN	NaN	0
33033	58.2500	11.2167	8043	0.0	12	0.0000	15.0000	NaN	NaN	NaN	NaN	NaN	0
33211	54.5000	10.2667	8043	0.0	1	0.0000	2.0800	0.5923	0.4100	NaN	NaN	NaN	2057
33211	54.5000	10.2667	8043	0.0	2	0.0000	1.6600	0.4769	0.3535	NaN	NaN	NaN	1271
33211	54.5000	10.2667	8043	0.0	3	0.0000	2.2000	0.6315	0.5167	NaN	NaN	NaN	1475
33211	54.5000	10.2667	8043	0.0	4	0.0000	1.6100	0.3267	0.2602	NaN	NaN	NaN	1375
33211	54.5000	10.2667	8043	0.0	5	0.0000	1.4200	0.3151	0.2520	NaN	NaN	NaN	2178
33211	54.5000	10.2667	8043	0.0	6	0.0000	1.2700	0.3633	0.2783	NaN	NaN	NaN	1725
33211	54.5000	10.2667	8043	0.0	7	0.0000	1.1900	0.3005	0.2211	NaN	NaN	NaN	2188
33211	54.5000	10.2667	8043	0.0	8	0.0000	1.2800	0.3139	0.2425	NaN	NaN	NaN	2209
33211	54.5000	10.2667	8043	0.0	9	0.0000	1.7800	0.4309	0.2871	NaN	NaN	NaN	1856
33211	54.5000	10.2667	8043	0.0	10	0.0000	1.9600	0.3744	0.3083	NaN	NaN	NaN	2218
33211	54.5000	10.2667	8043	0.0	11	0.0000	2.1300	0.4349	0.3278	NaN	NaN	NaN	2085
33211	54.5000	10.2667	8043	0.0	12	0.0000	2.3300	0.4832	0.3403	NaN	NaN	NaN	1099
33213	54.7000	12.7000	8043	0.0	1	0.0000	4.1800	1.0922	0.5865	NaN	NaN	NaN	10586
33213	54.7000	12.7000	8043	0.0	2	0.0000	4.0100	0.9764	0.5231	NaN	NaN	NaN	9420
33213	54.7000	12.7000	8043	0.0	3	0.0000	3.6800	0.7620	0.4826	NaN	NaN	NaN	10056
33213	54.7000	12.7000	8043	0.0	4	0.0000	2.6800	0.5910	0.4131	NaN	NaN	NaN	10817
33213	54.7000	12.7000	8043	0.0	5	0.0000	4.1000	0.6230	0.4093	NaN	NaN	NaN	12964
33213	54.7000	12.7000	8043	0.0	6	0.0000	4.0000	0.6515	0.4346	NaN	NaN	NaN	12708
33213	54.7000	12.7000	8043	0.0	7	0.0000	2.2000	0.5944	0.3827	NaN	NaN	NaN	14437
33213	54.7000	12.7000	8043	0.0	8	0.0000	2.5000	0.6484	0.3968	NaN	NaN	NaN	12744
33213	54.7000	12.7000	8043	0.0	9	0.0000	3.3400	0.7752	0.4870	NaN	NaN	NaN	12414
33213	54.7000	12.7000	8043	0.0	10	0.0000	3.5200	0.8451	0.4560	NaN	NaN	NaN	14249
33213	54.7000	12.7000	8043	0.0	11	0.0000	3.5400	0.8915	0.4908	NaN	NaN	NaN	11280
33213	54.7000	12.7000	8043	0.0	12	0.0000	3.6300	1.0023	0.4839	NaN	NaN	NaN	11014
33214	54.8833	13.8667	8043	0.0	1	0.0000	4.9000	1.2320	0.7171	NaN	NaN	NaN	12191
33214	54.8833	13.8667	8043	0.0	2	0.0000	4.7100	1.1425	0.7214	NaN	NaN	NaN	6990
33214	54.8833	13.8667	8043	0.0	3	0.0000	4.5000	0.8605	0.6241	NaN	NaN	NaN	7781
33214	54.8833	13.8667	8043	0.0	4	0.0000	3.0900	0.6780	0.4933	NaN	NaN	NaN	10650
33214	54.8833	13.8667	8043	0.0	5	0.0000	2.8000	0.5939	0.3864	NaN	NaN	NaN	10529
33214	54.8833	13.8667	8043	0.0	6	0.0000	4.4000	0.6573	0.4753	NaN	NaN	NaN	10154
33214	54.8833	13.8667	8043	0.0	7	0.0000	3.3000	0.6366	0.4252	NaN	NaN	NaN	9936
33214	54.8833	13.8667	8043	0.0	8	0.0000	2.9300	0.7790	0.4845	NaN	NaN	NaN	8888
33214	54.8833	13.8667	8043	0.0	9	0.0000	3.6000	0.8810	0.5562	NaN	NaN	NaN	9786
33214	54.8833	13.8667	8043	0.0	10	0.0000	3.6000	0.9759	0.5524	NaN	NaN	NaN	9957
33214	54.8833	13.8667	8043	0.0	11	0.0000	5.1200	1.2142	0.7106	NaN	NaN	NaN	9593
33214	54.8833	13.8667	8043	0.0	12	0.0000	4.7000	1.2408	0.6638	NaN	NaN	NaN	10994
33284	55.0083	13.1542	8043	0.0	1	0.0000	3.9000	1.3809	0.7472	NaN	NaN	NaN	2865
33284	55.0083	13.1542	8043	0.0	2	0.0000	3.2300	1.0002	0.6061	NaN	NaN	NaN	2577
33284	55.0083	13.1542	8043	0.0	3	0.0000	9.0000	0.8969	0.5587	NaN	NaN	NaN	1497
33284	55.0083	13.1542	8043	0.0	4	0.0000	2.4500	0.8032	0.5073	NaN	NaN	NaN	1297
33284	55.0083	13.1542	8043	0.0	5	0.0000	1.8300	0.6034	0.3275	NaN	NaN	NaN	1846
33284	55.0083	13.1542	8043	0.0	6	0.0000	1.6000	0.6984	0.3513	NaN	NaN	NaN	1527
33284	55.0083	13.1542	8043	0.0	7	0.0000	2.3000	0.6631	0.4417	NaN	NaN	NaN	1034
33284	55.0083	13.1542	8043	0.0	8	0.0000	2.8000	0.9132	0.5949	NaN	NaN	NaN	1992
33284	55.0083	13.1542	8043	0.0	9	0.0000	0.3000	0.3000	NaN	NaN	NaN	NaN	1
33284	55.0083	13.1542	8043	0.0	10	0.0000	3.4300	1.0062	0.5161	NaN	NaN	NaN	2726
33284	55.0083	13.1542	8043	0.0	11	0.0000	3.1000	1.1608	0.6541	NaN	NaN	NaN	3331
33284	55.0083	13.1542	8043	0.0	12	0.0000	3.3100	1.3230	0.5922	NaN	NaN	NaN	2958
33602	59.7121	24.7315	8043	0.0	1	0.0000	5.5800	0.9265	0.8444	NaN	NaN	NaN	1739
33602	59.7121	24.7315	8043	0.0	2	0.0000	3.9500	0.3812	0.4828	NaN	NaN	NaN	946
33602	59.7121	24.7315	8043	0.0	3	0.0000	2.3900	0.3390	0.3877	NaN	NaN	NaN	1483
33602	59.7121	24.7315	8043	0.0	4	0.0000	3.6700	0.4912	0.5005	NaN	NaN	NaN	1427
33602	59.7121	24.7315	8043	0.0	5	0.0000	3.7700	0.3942	0.3584	NaN	NaN	NaN	1483
33602	59.7121	24.7315	8043	0.0	6	0.0000	3.2700	0.4071	0.3761	NaN	NaN	NaN	1819
33602	59.7121	24.7315	8043	0.0	7	0.0000	3.8900	0.4236	0.3880	NaN	NaN	NaN	1617
33602	59.7121	24.7315	8043	0.0	8	0.0000	2.7400	0.3365	0.3237	NaN	NaN	NaN	1255
33602	59.7121	24.7315	8043	0.0	9	0.0000	4.3900	0.5255	0.4923	NaN	NaN	NaN	1762
33602	59.7121	24.7315	8043	0.0	10	0.0000	4.6200	0.7836	0.7309	NaN	NaN	NaN	2194
33602	59.7121	24.7315	8043	0.0	11	0.0000	5.9000	0.9991	0.9300	NaN	NaN	NaN	2664
33602	59.7121	24.7315	8043	0.0	12	0.0000	6.3000	1.1579	0.8897	NaN	NaN	NaN	2947
33604	58.4894	21.6344	8043	0.0	1	0.0000	15.0000	NaN	NaN	NaN	NaN	NaN	0
33604	58.4894	21.6344	8043	0.0	2	0.0000	15.0000	NaN	NaN	NaN	NaN	NaN	0
33604	58.4894	21.6344	8043	0.0	3	0.0000	15.0000	NaN	NaN	NaN	NaN	NaN	0
33604	58.4894	21.6344	8043	0.0	4	0.0000	1.9800	0.7242	0.4105	NaN	NaN	NaN	377
33604	58.4894	21.6344	8043	0.0	5	0.0000	3.0600	0.8350	0.5038	NaN	NaN	NaN	1367
33604	58.4894	21.6344	8043	0.0	6	0.0000	2.8300	0.9144	0.5126	NaN	NaN	NaN	1332
33604	58.4894	21.6344	8043	0.0	7	0.0000	3.6200	1.0484	0.6414	NaN	NaN	NaN	1235
33604	58.4894	21.6344	8043	0.0	8	0.0000	2.4200	0.6131	0.5287	NaN	NaN	NaN	1346
33604	58.4894	21.6344	8043	0.0	9	0.0000	3.1700	0.9543	0.5771	NaN	NaN	NaN	1267
33604	58.4894	21.6344	8043	0.0	10	0.0000	3.1100	0.9221	0.7324	NaN	NaN	NaN	1311
33604	58.4894	21.6344	8043	0.0	11	0.0000	4.1800	1.6975	0.7936	NaN	NaN	NaN	1363
33604	58.4894	21.6344	8043	0.0	12	0.0000	6.8400	2.2126	1.0606	NaN	NaN	NaN	1386
33623	58.6938	22.5229	8043	0.0	1	0.0000	0.6000	0.2552	0.1353	NaN	NaN	NaN	287
33623	58.6938	22.5229	8043	0.0	2	0.0000	0.7000	0.2200	0.1168	NaN	NaN	NaN	563
33623	58.6938	22.5229	8043	0.0	3	0.0000	0.7000	0.2151	0.1233	NaN	NaN	NaN	478
33623	58.6938	22.5229	8043	0.0	4	0.0000	0.5000	0.1946	0.0947	NaN	NaN	NaN	410
33623	58.6938	22.5229	8043	0.0	5	0.0000	0.5000	0.1613	0.0783	NaN	NaN	NaN	685
33623	58.6938	22.5229	8043	0.0	6	0.0000	0.4000	0.1411	0.0855	NaN	NaN	NaN	717
33623	58.6938	22.5229	8043	0.0	7	0.0000	0.4000	0.0650	0.0651	NaN	NaN	NaN	650
33623	58.6938	22.5229	8043	0.0	8	0.0000	0.3800	0.0780	0.0700	NaN	NaN	NaN	481
33623	58.6938	22.5229	8043	0.0	9	0.0000	0.3000	0.0809	0.0585	NaN	NaN	NaN	756
33623	58.6938	22.5229	8043	0.0	10	0.0000	0.3300	0.0758	0.0659	NaN	NaN	NaN	740
33623	58.6938	22.5229	8043	0.0	11	0.0000	0.9000	0.2189	0.1371	NaN	NaN	NaN	695
33623	58.6938	22.5229	8043	0.0	12	0.0000	1.0000	0.3615	0.1466	NaN	NaN	NaN	91
33631	58.5742	23.3935	8043	0.0	1	0.0000	3.0600	0.2994	0.4172	NaN	NaN	NaN	1454
33631	58.5742	23.3935	8043	0.0	2	0.0000	3.5700	0.3403	0.4125	NaN	NaN	NaN	526
33631	58.5742	23.3935	8043	0.0	3	0.0000	4.1100	0.3430	0.5062	NaN	NaN	NaN	1235
33631	58.5742	23.3935	8043	0.0	4	0.0000	4.2000	0.3222	0.3851	NaN	NaN	NaN	1547
33631	58.5742	23.3935	8043	0.0	5	0.0000	2.3600	0.2666	0.4108	NaN	NaN	NaN	2016
33631	58.5742	23.3935	8043	0.0	6	0.0000	2.4200	0.3129	0.3831	NaN	NaN	NaN	1967
33631	58.5742	23.3935	8043	0.0	7	0.0000	2.5700	0.2531	0.3636	NaN	NaN	NaN	2446
33631	58.5742	23.3935	8043	0.0	8	0.0000	1.7900	0.2080	0.2484	NaN	NaN	NaN	2491
33631	58.5742	23.3935	8043	0.0	9	0.0000	2.8400	0.2802	0.3816	NaN	NaN	NaN	2670
33631	58.5742	23.3935	8043	0.0	10	0.0000	3.7700	0.2984	0.3893	NaN	NaN	NaN	2785
33631	58.5742	23.3935	8043	0.0	11	0.0000	2.6300	0.3272	0.3524	NaN	NaN	NaN	2747
33631	58.5742	23.3935	8043	0.0	12	0.0000	3.6400	0.3856	0.3909	NaN	NaN	NaN	2114
33801	59.2500	21.0000	8043	0.0	1	0.0000	7.2000	1.7707	1.0295	NaN	NaN	NaN	16620
33801	59.2500	21.0000	8043	0.0	2	0.0000	6.2000	1.5250	0.9131	NaN	NaN	NaN	12520
33801	59.2500	21.0000	8043	0.0	3	0.0000	6.9000	1.2113	0.7896	NaN	NaN	NaN	12192
33801	59.2500	21.0000	8043	0.0	4	0.0000	5.3000	0.8861	0.6273	NaN	NaN	NaN	11582
33801	59.2500	21.0000	8043	0.0	5	0.0000	4.7000	0.7226	0.4855	NaN	NaN	NaN	16994
33801	59.2500	21.0000	8043	0.0	6	0.0000	4.1000	0.7585	0.5022	NaN	NaN	NaN	19463
33801	59.2500	21.0000	8043	0.0	7	0.0000	4.9000	0.8096	0.5468	NaN	NaN	NaN	19971
33801	59.2500	21.0000	8043	0.0	8	0.0000	4.7000	0.9422	0.5845	NaN	NaN	NaN	19473
33801	59.2500	21.0000	8043	0.0	9	0.0000	5.8000	1.2290	0.7609	NaN	NaN	NaN	19627
33801	59.2500	21.0000	8043	0.0	10	0.0000	6.0000	1.5144	0.8928	NaN	NaN	NaN	20967
33801	59.2500	21.0000	8043	0.0	11	0.0000	6.9000	1.6945	0.9596	NaN	NaN	NaN	20085
33801	59.2500	21.0000	8043	0.0	12	0.0000	8.2000	1.8989	1.0604	NaN	NaN	NaN	19927
33802	61.8000	20.2333	8043	0.0	1	0.0000	4.9000	1.5916	0.9948	NaN	NaN	NaN	1820
33802	61.8000	20.2333	8043	0.0	2	0.0000	6.2000	1.6277	0.8605	NaN	NaN	NaN	980
33802	61.8000	20.2333	8043	0.0	3	0.0000	3.9000	1.0785	0.7947	NaN	NaN	NaN	1137
33802	61.8000	20.2333	8043	0.0	4	0.0000	3.0000	0.8007	0.5790	NaN	NaN	NaN	2133
33802	61.8000	20.2333	8043	0.0	5	0.0000	3.2000	0.7745	0.5276	NaN	NaN	NaN	2429
33802	61.8000	20.2333	8043	0.0	6	0.0000	2.9000	0.6466	0.4778	NaN	NaN	NaN	3498
33802	61.8000	20.2333	8043	0.0	7	0.0000	2.7000	0.6784	0.5305	NaN	NaN	NaN	3582
33802	61.8000	20.2333	8043	0.0	8	0.0000	3.0000	0.7254	0.4906	NaN	NaN	NaN	3555
33802	61.8000	20.2333	8043	0.0	9	0.0000	3.8000	0.9400	0.6566	NaN	NaN	NaN	3507
33802	61.8000	20.2333	8043	0.0	10	0.0000	4.9000	1.2158	0.7701	NaN	NaN	NaN	3574
33802	61.8000	20.2333	8043	0.0	11	0.0000	4.9000	1.2975	0.8753	NaN	NaN	NaN	3391
33802	61.8000	20.2333	8043	0.0	12	0.0000	5.6000	1.7112	0.8520	NaN	NaN	NaN	3198
33803	59.9650	25.2350	8043	0.0	1	0.0000	4.0000	1.3651	0.6519	NaN	NaN	NaN	3406
33803	59.9650	25.2350	8043	0.0	2	0.0000	2.1000	0.8401	0.3881	NaN	NaN	NaN	284
33803	59.9650	25.2350	8043	0.0	3	0.0000	15.0000	NaN	NaN	NaN	NaN	NaN	0
33803	59.9650	25.2350	8043	0.0	4	0.0000	2.4000	0.6407	0.4520	NaN	NaN	NaN	1957
33803	59.9650	25.2350	8043	0.0	5	0.0000	3.0000	0.5240	0.3513	NaN	NaN	NaN	10787
33803	59.9650	25.2350	8043	0.0	6	0.0000	3.0000	0.5723	0.3712	NaN	NaN	NaN	13398
33803	59.9650	25.2350	8043	0.0	7	0.0000	3.7000	0.5836	0.3848	NaN	NaN	NaN	12935
33803	59.9650	25.2350	8043	0.0	8	0.0000	3.5000	0.6916	0.4480	NaN	NaN	NaN	12561
33803	59.9650	25.2350	8043	0.0	9	0.0000	3.4000	0.9038	0.5141	NaN	NaN	NaN	13887
33803	59.9650	25.2350	8043	0.0	10	0.0000	3.7000	1.0129	0.5677	NaN	NaN	NaN	14154
33803	59.9650	25.2350	8043	0.0	11	0.0000	5.2000	1.2355	0.7028	NaN	NaN	NaN	13591
33803	59.9650	25.2350	8043	0.0	12	0.0000	9.4000	1.1657	0.6190	NaN	NaN	NaN	10460
33804	64.6842	23.2392	8043	0.0	1	0.0000	15.0000	NaN	NaN	NaN	NaN	NaN	0
33804	64.6842	23.2392	8043	0.0	2	0.0000	15.0000	NaN	NaN	NaN	NaN	NaN	0
33804	64.6842	23.2392	8043	0.0	3	0.0000	15.0000	NaN	NaN	NaN	NaN	NaN	0
33804	64.6842	23.2392	8043	0.0	4	0.0000	15.0000	NaN	NaN	NaN	NaN	NaN	0
33804	64.6842	23.2392	8043	0.0	5	0.0000	1.7000	0.5984	0.3776	NaN	NaN	NaN	243
33804	64.6842	23.2392	8043	0.0	6	0.0000	2.3000	0.4308	0.3501	NaN	NaN	NaN	1947
33804	64.6842	23.2392	8043	0.0	7	0.0000	2.5000	0.5320	0.4548	NaN	NaN	NaN	2453
33804	64.6842	23.2392	8043	0.0	8	0.0000	2.7000	0.6737	0.4868	NaN	NaN	NaN	2481
33804	64.6842	23.2392	8043	0.0	9	0.0000	3.3000	0.9297	0.6066	NaN	NaN	NaN	2408
33804	64.6842	23.2392	8043	0.0	10	0.0000	3.8000	1.1607	0.7033	NaN	NaN	NaN	2438
33804	64.6842	23.2392	8043	0.0	11	0.0000	4.4000	1.1753	0.7790	NaN	NaN	NaN	2178
33804	64.6842	23.2392	8043	0.0	12	0.0000	3.7000	1.5059	0.6840	NaN	NaN	NaN	971
35051	66.4500	16.4833	8043	0.0	1	0.0000	15.0000	NaN	NaN	NaN	NaN	NaN	0
35051	66.4500	16.4833	8043	0.0	2	0.0000	15.0000	NaN	NaN	NaN	NaN	NaN	0
35051	66.4500	16.4833	8043	0.0	3	0.0000	15.0000	NaN	NaN	NaN	NaN	NaN	0
35051	66.4500	16.4833	8043	0.0	4	0.0000	15.0000	NaN	NaN	NaN	NaN	NaN	0
35051	66.4500	16.4833	8043	0.0	5	0.0000	15.0000	NaN	NaN	NaN	NaN	NaN	0
35051	66.4500	16.4833	8043	0.0	6	0.0000	15.0000	NaN	NaN	NaN	NaN	NaN	0
35051	66.4500	16.4833	8043	0.0	7	0.0000	15.0000	NaN	NaN	NaN	NaN	NaN	0
35051	66.4500	16.4833	8043	0.0	8	0.0000	0.3500	0.0834	0.0702	NaN	NaN	NaN	345
35051	66.4500	16.4833	8043	0.0	9	0.0000	15.0000	NaN	NaN	NaN	NaN	NaN	0
35051	66.4500	16.4833	8043	0.0	10	0.0000	0.8100	0.0948	0.0899	NaN	NaN	NaN	992
35051	66.4500	16.4833	8043	0.0	11	0.0000	0.4200	0.0826	0.0746	NaN	NaN	NaN	465
35051	66.4500	16.4833	8043	0.0	12	0.0000	15.0000	NaN	NaN	NaN	NaN	NaN	0
35052	60.8833	20.7500	8043	0.0	1	0.0000	15.0000	NaN	NaN	NaN	NaN	NaN	0
35052	60.8833	20.7500	8043	0.0	2	0.0000	15.0000	NaN	NaN	NaN	NaN	NaN	0
35052	60.8833	20.7500	8043	0.0	3	0.0000	15.0000	NaN	NaN	NaN	NaN	NaN	0
35052	60.8833	20.7500	8043	0.0	4	0.0000	15.0000	NaN	NaN	NaN	NaN	NaN	0
35052	60.8833	20.7500	8043	0.0	5	0.0000	15.0000	NaN	NaN	NaN	NaN	NaN	0
35052	60.8833	20.7500	8043	0.0	6	0.0000	15.0000	NaN	NaN	NaN	NaN	NaN	0
35052	60.8833	20.7500	8043	0.0	7	0.0000	15.0000	NaN	NaN	NaN	NaN	NaN	0
35052	60.8833	20.7500	8043	0.0	8	0.0000	2.8100	0.7559	0.5602	NaN	NaN	NaN	503
35052	60.8833	20.7500	8043	0.0	9	0.0000	3.3300	0.8490	0.5378	NaN	NaN	NaN	537
35052	60.8833	20.7500	8043	0.0	10	0.0000	3.5000	1.2912	0.7114	NaN	NaN	NaN	719
35052	60.8833	20.7500	8043	0.0	11	0.0000	3.5200	1.4083	0.7492	NaN	NaN	NaN	596
35052	60.8833	20.7500	8043	0.0	12	0.0000	4.7600	2.0113	0.8982	NaN	NaN	NaN	366
35053	60.8667	18.2333	8043	0.0	1	0.0000	15.0000	NaN	NaN	NaN	NaN	NaN	0
35053	60.8667	18.2333	8043	0.0	2	0.0000	15.0000	NaN	NaN	NaN	NaN	NaN	0
35053	60.8667	18.2333	8043	0.0	3	0.0000	15.0000	NaN	NaN	NaN	NaN	NaN	0
35053	60.8667	18.2333	8043	0.0	4	0.0000	15.0000	NaN	NaN	NaN	NaN	NaN	0
35053	60.8667	18.2333	8043	0.0	5	0.0000	15.0000	NaN	NaN	NaN	NaN	NaN	0
35053	60.8667	18.2333	8043	0.0	6	0.0000	15.0000	NaN	NaN	NaN	NaN	NaN	0
35053	60.8667	18.2333	8043	0.0	7	0.0000	0.3000	0.1656	0.0571	NaN	NaN	NaN	54
35053	60.8667	18.2333	8043	0.0	8	0.0000	2.8500	0.7380	0.5817	NaN	NaN	NaN	681
35053	60.8667	18.2333	8043	0.0	9	0.0000	3.1900	0.6110	0.3945	NaN	NaN	NaN	653
35053	60.8667	18.2333	8043	0.0	10	0.0000	3.3500	0.8651	0.4849	NaN	NaN	NaN	611
35053	60.8667	18.2333	8043	0.0	11	0.0000	3.4000	0.9705	0.6481	NaN	NaN	NaN	493
35053	60.8667	18.2333	8043	0.0	12	0.0000	4.4600	1.3709	0.7686	NaN	NaN	NaN	129
35054	59.4667	20.3500	8043	0.0	1	0.0000	7.8000	1.9034	0.9471	NaN	NaN	NaN	874
35054	59.4667	20.3500	8043	0.0	2	0.0000	5.4100	1.2123	0.7316	NaN	NaN	NaN	565
35054	59.4667	20.3500	8043	0.0	3	0.0000	3.0200	1.1261	0.6251	NaN	NaN	NaN	616
35054	59.4667	20.3500	8043	0.0	4	0.0000	6.1400	0.7845	0.5089	NaN	NaN	NaN	764
35054	59.4667	20.3500	8043	0.0	5	0.0000	1.8500	0.4707	0.3202	NaN	NaN	NaN	1336
35054	59.4667	20.3500	8043	0.0	6	0.0000	2.9500	0.7000	0.4240	NaN	NaN	NaN	1660
35054	59.4667	20.3500	8043	0.0	7	0.0000	3.1900	0.7412	0.4774	NaN	NaN	NaN	1877
35054	59.4667	20.3500	8043	0.0	8	0.0000	2.6000	0.7848	0.4474	NaN	NaN	NaN	1805
35054	59.4667	20.3500	8043	0.0	9	0.0000	5.8200	1.2091	0.6870	NaN	NaN	NaN	2075
35054	59.4667	20.3500	8043	0.0	10	0.0000	5.0800	1.4551	0.7554	NaN	NaN	NaN	2118
35054	59.4667	20.3500	8043	0.0	11	0.0000	6.7800	1.6133	0.8742	NaN	NaN	NaN	2391
35054	59.4667	20.3500	8043	0.0	12	0.0000	6.4800	1.6262	0.8455	NaN	NaN	NaN	469
35055	59.3333	19.1333	8043	0.0	1	0.0000	15.0000	NaN	NaN	NaN	NaN	NaN	0
35055	59.3333	19.1333	8043	0.0	2	0.0000	15.0000	NaN	NaN	NaN	NaN	NaN	0
35055	59.3333	19.1333	8043	0.0	3	0.0000	15.0000	NaN	NaN	NaN	NaN	NaN	0
35055	59.3333	19.1333	8043	0.0	4	0.0000	15.0000	NaN	NaN	NaN	NaN	NaN	0
35055	59.3333	19.1333	8043	0.0	5	0.0000	15.0000	NaN	NaN	NaN	NaN	NaN	0
35055	59.3333	19.1333	8043	0.0	6	0.0000	15.0000	NaN	NaN	NaN	NaN	NaN	0
35055	59.3333	19.1333	8043	0.0	7	0.0000	15.0000	NaN	NaN	NaN	NaN	NaN	0
35055	59.3333	19.1333	8043	0.0	8	0.0000	15.0000	NaN	NaN	NaN	NaN	NaN	0
35055	59.3333	19.1333	8043	0.0	9	0.0000	15.0000	NaN	NaN	NaN	NaN	NaN	0
35055	59.3333	19.1333	8043	0.0	10	0.0000	15.0000	NaN	NaN	NaN	NaN	NaN	0
35055	59.3333	19.1333	8043	0.0	11	0.0000	1.3900	0.5427	0.2780	NaN	NaN	NaN	605
35055	59.3333	19.1333	8043	0.0	12	0.0000	1.3900	0.5457	0.2298	NaN	NaN	NaN	607
35056	59.1500	19.1333	8043	0.0	1	0.0000	7.8200	1.3000	0.8776	NaN	NaN	NaN	11147
35056	59.1500	19.1333	8043	0.0	2	0.0000	6.0800	1.1603	0.8799	NaN	NaN	NaN	8952
35056	59.1500	19.1333	8043	0.0	3	0.0000	7.8300	1.0596	0.8448	NaN	NaN	NaN	9949
35056	59.1500	19.1333	8043	0.0	4	0.0000	6.8400	0.8171	0.8243	NaN	NaN	NaN	10499
35056	59.1500	19.1333	8043	0.0	5	0.0000	4.8500	0.5649	0.4549	NaN	NaN	NaN	11959
35056	59.1500	19.1333	8043	0.0	6	0.0000	6.2900	0.5715	0.4881	NaN	NaN	NaN	11355
35056	59.1500	19.1333	8043	0.0	7	0.0000	5.8900	0.5800	0.5171	NaN	NaN	NaN	12543
35056	59.1500	19.1333	8043	0.0	8	0.0000	4.3700	0.6485	0.4320	NaN	NaN	NaN	12024
35056	59.1500	19.1333	8043	0.0	9	0.0000	4.3300	0.8499	0.5525	NaN	NaN	NaN	10875
35056	59.1500	19.1333	8043	0.0	10	0.0000	6.3200	1.0575	0.7070	NaN	NaN	NaN	11793
35056	59.1500	19.1333	8043	0.0	11	0.0000	6.3100	1.2268	0.8048	NaN	NaN	NaN	12207
35056	59.1500	19.1333	8043	0.0	12	0.0000	6.7200	1.2988	0.9042	NaN	NaN	NaN	12258
35057	58.6000	17.4667	8043	0.0	1	0.0000	6.6800	1.0111	0.7218	NaN	NaN	NaN	1833
35057	58.6000	17.4667	8043	0.0	2	0.0000	3.2600	0.7699	0.5585	NaN	NaN	NaN	1294
35057	58.6000	17.4667	8043	0.0	3	0.0000	4.7200	0.8165	0.6012	NaN	NaN	NaN	947
35057	58.6000	17.4667	8043	0.0	4	0.0000	2.0500	0.4977	0.3782	NaN	NaN	NaN	1486
35057	58.6000	17.4667	8043	0.0	5	0.0000	1.6600	0.4136	0.2682	NaN	NaN	NaN	2143
35057	58.6000	17.4667	8043	0.0	6	0.0000	2.8500	0.4566	0.3910	NaN	NaN	NaN	2059
35057	58.6000	17.4667	8043	0.0	7	0.0000	2.4300	0.4146	0.2876	NaN	NaN	NaN	2732
35057	58.6000	17.4667	8043	0.0	8	0.0000	3.0200	0.5478	0.3694	NaN	NaN	NaN	2697
35057	58.6000	17.4667	8043	0.0	9	0.0000	3.2300	0.6969	0.3977	NaN	NaN	NaN	2670
35057	58.6000	17.4667	8043	0.0	10	0.0000	3.0800	0.8386	0.5451	NaN	NaN	NaN	2755
35057	58.6000	17.4667	8043	0.0	11	0.0000	4.5300	0.9685	0.5293	NaN	NaN	NaN	2126
35057	58.6000	17.4667	8043	0.0	12	0.0000	5.7100	1.0592	0.6815	NaN	NaN	NaN	1984
35058	57.5833	18.1667	8043	0.0	1	0.0000	15.0000	NaN	NaN	NaN	NaN	NaN	0
35058	57.5833	18.1667	8043	0.0	2	0.0000	15.0000	NaN	NaN	NaN	NaN	NaN	0
35058	57.5833	18.1667	8043	0.0	3	0.0000	15.0000	NaN	NaN	NaN	NaN	NaN	0
35058	57.5833	18.1667	8043	0.0	4	0.0000	15.0000	NaN	NaN	NaN	NaN	NaN	0
35058	57.5833	18.1667	8043	0.0	5	0.0000	15.0000	NaN	NaN	NaN	NaN	NaN	0
35058	57.5833	18.1667	8043	0.0	6	0.0000	1.2700	0.2876	0.2197	NaN	NaN	NaN	455
35058	57.5833	18.1667	8043	0.0	7	0.0000	1.3800	0.3340	0.2630	NaN	NaN	NaN	341
35058	57.5833	18.1667	8043	0.0	8	0.0000	15.0000	NaN	NaN	NaN	NaN	NaN	0
35058	57.5833	18.1667	8043	0.0	9	0.0000	15.0000	NaN	NaN	NaN	NaN	NaN	0
35058	57.5833	18.1667	8043	0.0	10	0.0000	15.0000	NaN	NaN	NaN	NaN	NaN	0
35058	57.5833	18.1667	8043	0.0	11	0.0000	15.0000	NaN	NaN	NaN	NaN	NaN	0
35058	57.5833	18.1667	8043	0.0	12	0.0000	15.0000	NaN	NaN	NaN	NaN	NaN	0
35059	57.4333	19.2833	8043	0.0	1	0.0000	15.0000	NaN	NaN	NaN	NaN	NaN	0
35059	57.4333	19.2833	8043	0.0	2	0.0000	15.0000	NaN	NaN	NaN	NaN	NaN	0
35059	57.4333	19.2833	8043	0.0	3	0.0000	15.0000	NaN	NaN	NaN	NaN	NaN	0
35059	57.4333	19.2833	8043	0.0	4	0.0000	15.0000	NaN	NaN	NaN	NaN	NaN	0
35059	57.4333	19.2833	8043	0.0	5	0.0000	2.2900	0.4473	0.3334	NaN	NaN	NaN	718
35059	57.4333	19.2833	8043	0.0	6	0.0000	2.1300	0.5318	0.3980	NaN	NaN	NaN	674
35059	57.4333	19.2833	8043	0.0	7	0.0000	2.1600	0.6587	0.4104	NaN	NaN	NaN	707
35059	57.4333	19.2833	8043	0.0	8	0.0000	2.3000	0.8489	0.3745	NaN	NaN	NaN	726
35059	57.4333	19.2833	8043	0.0	9	0.0000	3.0100	1.1053	0.4766	NaN	NaN	NaN	698
35059	57.4333	19.2833	8043	0.0	10	0.0000	2.6500	1.0761	0.4861	NaN	NaN	NaN	712
35059	57.4333	19.2833	8043	0.0	11	0.0000	3.0300	1.2888	0.5822	NaN	NaN	NaN	476
35059	57.4333	19.2833	8043	0.0	12	0.0000	15.0000	NaN	NaN	NaN	NaN	NaN	0
35060	56.8333	18.2167	8043	0.0	1	0.0000	2.8400	0.9884	0.5082	NaN	NaN	NaN	518
35060	56.8333	18.2167	8043	0.0	2	0.0000	15.0000	NaN	NaN	NaN	NaN	NaN	0
35060	56.8333	18.2167	8043	0.0	3	0.0000	15.0000	NaN	NaN	NaN	NaN	NaN	0
35060	56.8333	18.2167	8043	0.0	4	0.0000	15.0000	NaN	NaN	NaN	NaN	NaN	0
35060	56.8333	18.2167	8043	0.0	5	0.0000	15.0000	NaN	NaN	NaN	NaN	NaN	0
35060	56.8333	18.2167	8043	0.0	6	0.0000	1.2600	0.4370	0.2542	NaN	NaN	NaN	127
35060	56.8333	18.2167	8043	0.0	7	0.0000	1.9000	0.6137	0.4172	NaN	NaN	NaN	605
35060	56.8333	18.2167	8043	0.0	8	0.0000	2.0800	0.7224	0.4085	NaN	NaN	NaN	685
35060	56.8333	18.2167	8043	0.0	9	0.0000	1.6400	0.6640	0.2952	NaN	NaN	NaN	682
35060	56.8333	18.2167	8043	0.0	10	0.0000	3.1400	1.1202	0.6210	NaN	NaN	NaN	722
35060	56.8333	18.2167	8043	0.0	11	0.0000	4.4700	1.3045	0.6972	NaN	NaN	NaN	697
35060	56.8333	18.2167	8043	0.0	12	0.0000	2.7900	1.0326	0.4581	NaN	NaN	NaN	707
35062	56.1667	16.1167	8043	0.0	1	0.0000	2.8400	0.7777	0.5791	NaN	NaN	NaN	705
35062	56.1667	16.1167	8043	0.0	2	0.0000	2.1600	0.8760	0.4685	NaN	NaN	NaN	553
35062	56.1667	16.1167	8043	0.0	3	0.0000	1.7000	0.8550	0.4876	NaN	NaN	NaN	286
35062	56.1667	16.1167	8043	0.0	4	0.0000	1.3000	0.5525	0.2409	NaN	NaN	NaN	261
35062	56.1667	16.1167	8043	0.0	5	0.0000	1.2200	0.3386	0.2197	NaN	NaN	NaN	653
35062	56.1667	16.1167	8043	0.0	6	0.0000	1.1900	0.3860	0.2487	NaN	NaN	NaN	481
35062	56.1667	16.1167	8043	0.0	7	0.0000	1.6800	0.4251	0.2545	NaN	NaN	NaN	684
35062	56.1667	16.1167	8043	0.0	8	0.0000	1.8100	0.4186	0.2846	NaN	NaN	NaN	540
35062	56.1667	16.1167	8043	0.0	9	0.0000	1.2400	0.5565	0.3010	NaN	NaN	NaN	403
35062	56.1667	16.1167	8043	0.0	10	0.0000	2.7800	0.7516	0.5482	NaN	NaN	NaN	696
35062	56.1667	16.1167	8043	0.0	11	0.0000	2.7800	0.6734	0.4126	NaN	NaN	NaN	658
35062	56.1667	16.1167	8043	0.0	12	0.0000	3.2000	1.0146	0.5640	NaN	NaN	NaN	699
35063	56.0667	16.6833	8043	0.0	1	0.0000	7.2100	1.4196	0.8390	NaN	NaN	NaN	13093
35063	56.0667	16.6833	8043	0.0	2	0.0000	6.2800	1.3365	0.7900	NaN	NaN	NaN	10881
35063	56.0667	16.6833	8043	0.0	3	0.0000	6.4200	1.0889	0.6620	NaN	NaN	NaN	12433
35063	56.0667	16.6833	8043	0.0	4	0.0000	5.4200	0.8024	0.6183	NaN	NaN	NaN	11119
35063	56.0667	16.6833	8043	0.0	5	0.0000	5.2300	0.6515	0.4784	NaN	NaN	NaN	12090
35063	56.0667	16.6833	8043	0.0	6	0.0000	4.0500	0.6604	0.4718	NaN	NaN	NaN	11110
35063	56.0667	16.6833	8043	0.0	7	0.0000	4.1300	0.7061	0.4524	NaN	NaN	NaN	13014
35063	56.0667	16.6833	8043	0.0	8	0.0000	4.5100	0.7283	0.4711	NaN	NaN	NaN	12670
35063	56.0667	16.6833	8043	0.0	9	0.0000	5.4700	0.9701	0.6224	NaN	NaN	NaN	11208
35063	56.0667	16.6833	8043	0.0	10	0.0000	5.8100	1.2080	0.6945	NaN	NaN	NaN	12215
35063	56.0667	16.6833	8043	0.0	11	0.0000	6.0900	1.2953	0.7666	NaN	NaN	NaN	13121
35063	56.0667	16.6833	8043	0.0	12	0.0000	6.6800	1.3694	0.7780	NaN	NaN	NaN	13628
35064	56.0667	16.6833	8043	0.0	1	0.0000	15.0000	NaN	NaN	NaN	NaN	NaN	0
35064	56.0667	16.6833	8043	0.0	2	0.0000	2.5900	0.9406	0.4705	NaN	NaN	NaN	670
35064	56.0667	16.6833	8043	0.0	3	0.0000	2.1100	1.0027	0.3962	NaN	NaN	NaN	254
35064	56.0667	16.6833	8043	0.0	4	0.0000	15.0000	NaN	NaN	NaN	NaN	NaN	0
35064	56.0667	16.6833	8043	0.0	5	0.0000	15.0000	NaN	NaN	NaN	NaN	NaN	0
35064	56.0667	16.6833	8043	0.0	6	0.0000	15.0000	NaN	NaN	NaN	NaN	NaN	0
35064	56.0667	16.6833	8043	0.0	7	0.0000	15.0000	NaN	NaN	NaN	NaN	NaN	0
35064	56.0667	16.6833	8043	0.0	8	0.0000	15.0000	NaN	NaN	NaN	NaN	NaN	0
35064	56.0667	16.6833	8043	0.0	9	0.0000	15.0000	NaN	NaN	NaN	NaN	NaN	0
35064	56.0667	16.6833	8043	0.0	10	0.0000	15.0000	NaN	NaN	NaN	NaN	NaN	0
35064	56.0667	16.6833	8043	0.0	11	0.0000	15.0000	NaN	NaN	NaN	NaN	NaN	0
35064	56.0667	16.6833	8043	0.0	12	0.0000	15.0000	NaN	NaN	NaN	NaN	NaN	0
35065	55.9333	15.3167	8043	0.0	1	0.0000	1.8600	0.9820	0.3849	NaN	NaN	NaN	302
35065	55.9333	15.3167	8043	0.0	2	0.0000	15.0000	NaN	NaN	NaN	NaN	NaN	0
35065	55.9333	15.3167	8043	0.0	3	0.0000	15.0000	NaN	NaN	NaN	NaN	NaN	0
35065	55.9333	15.3167	8043	0.0	4	0.0000	15.0000	NaN	NaN	NaN	NaN	NaN	0
35065	55.9333	15.3167	8043	0.0	5	0.0000	15.0000	NaN	NaN	NaN	NaN	NaN	0
35065	55.9333	15.3167	8043	0.0	6	0.0000	15.0000	NaN	NaN	NaN	NaN	NaN	0
35065	55.9333	15.3167	8043	0.0	7	0.0000	15.0000	NaN	NaN	NaN	NaN	NaN	0
35065	55.9333	15.3167	8043	0.0	8	0.0000	15.0000	NaN	NaN	NaN	NaN	NaN	0
35065	55.9333	15.3167	8043	0.0	9	0.0000	15.0000	NaN	NaN	NaN	NaN	NaN	0
35065	55.9333	15.3167	8043	0.0	10	0.0000	15.0000	NaN	NaN	NaN	NaN	NaN	0
35065	55.9333	15.3167	8043	0.0	11	0.0000	2.4000	1.0097	0.5827	NaN	NaN	NaN	392
35065	55.9333	15.3167	8043	0.0	12	0.0000	2.5300	0.9173	0.4965	NaN	NaN	NaN	722
35066	56.5500	12.7333	8043	0.0	1	0.0000	1.4000	0.6403	0.2777	NaN	NaN	NaN	176
35066	56.5500	12.7333	8043	0.0	2	0.0000	15.0000	NaN	NaN	NaN	NaN	NaN	0
35066	56.5500	12.7333	8043	0.0	3	0.0000	1.0800	0.3778	0.2266	NaN	NaN	NaN	303
35066	56.5500	12.7333	8043	0.0	4	0.0000	2.6200	0.4264	0.3819	NaN	NaN	NaN	896
35066	56.5500	12.7333	8043	0.0	5	0.0000	1.4100	0.3156	0.2407	NaN	NaN	NaN	1392
35066	56.5500	12.7333	8043	0.0	6	0.0000	1.8900	0.4775	0.3457	NaN	NaN	NaN	846
35066	56.5500	12.7333	8043	0.0	7	0.0000	2.1600	0.5146	0.4218	NaN	NaN	NaN	573
35066	56.5500	12.7333	8043	0.0	8	0.0000	2.3500	0.7263	0.5147	NaN	NaN	NaN	812
35066	56.5500	12.7333	8043	0.0	9	0.0000	4.4500	0.7611	0.6625	NaN	NaN	NaN	1424
35066	56.5500	12.7333	8043	0.0	10	0.0000	3.1600	0.8756	0.6010	NaN	NaN	NaN	804
35066	56.5500	12.7333	8043	0.0	11	0.0000	1.7100	0.6184	0.3402	NaN	NaN	NaN	700
35066	56.5500	12.7333	8043	0.0	12	0.0000	2.2600	0.5665	0.3954	NaN	NaN	NaN	725
35067	55.6000	12.8500	8043	0.0	1	0.0000	1.7400	0.4506	0.2446	NaN	NaN	NaN	8498
35067	55.6000	12.8500	8043	0.0	2	0.0000	1.9000	0.4561	0.2443	NaN	NaN	NaN	7926
35067	55.6000	12.8500	8043	0.0	3	0.0000	1.7600	0.3862	0.2206	NaN	NaN	NaN	8628
35067	55.6000	12.8500	8043	0.0	4	0.0000	1.5500	0.3075	0.2086	NaN	NaN	NaN	8999
35067	55.6000	12.8500	8043	0.0	5	0.0000	1.4700	0.2792	0.1804	NaN	NaN	NaN	8995
35067	55.6000	12.8500	8043	0.0	6	0.0000	1.6600	0.2691	0.1686	NaN	NaN	NaN	8192
35067	55.6000	12.8500	8043	0.0	7	0.0000	1.4200	0.2842	0.1734	NaN	NaN	NaN	7827
35067	55.6000	12.8500	8043	0.0	8	0.0000	1.4600	0.2974	0.1784	NaN	NaN	NaN	8687
35067	55.6000	12.8500	8043	0.0	9	0.0000	1.7900	0.3839	0.2119	NaN	NaN	NaN	8496
35067	55.6000	12.8500	8043	0.0	10	0.0000	3.5400	0.4258	0.2508	NaN	NaN	NaN	8327
35067	55.6000	12.8500	8043	0.0	11	0.0000	1.5800	0.4364	0.2297	NaN	NaN	NaN	9985
35067	55.6000	12.8500	8043	0.0	12	0.0000	1.3600	0.4496	0.2224	NaN	NaN	NaN	9226
35068	57.2167	11.8333	8043	0.0	1	0.0000	3.8700	1.0942	0.6185	NaN	NaN	NaN	4378
35068	57.2167	11.8333	8043	0.0	2	0.0000	3.8800	1.0167	0.5774	NaN	NaN	NaN	5026
35068	57.2167	11.8333	8043	0.0	3	0.0000	3.2900	0.8597	0.5679	NaN	NaN	NaN	5400
35068	57.2167	11.8333	8043	0.0	4	0.0000	2.7700	0.6511	0.4458	NaN	NaN	NaN	4925
35068	57.2167	11.8333	8043	0.0	5	0.0000	3.3600	0.5878	0.4094	NaN	NaN	NaN	3888
35068	57.2167	11.8333	8043	0.0	6	0.0000	2.6000	0.5775	0.3774	NaN	NaN	NaN	5054
35068	57.2167	11.8333	8043	0.0	7	0.0000	2.5100	0.6383	0.4265	NaN	NaN	NaN	6379
35068	57.2167	11.8333	8043	0.0	8	0.0000	2.2600	0.7029	0.4044	NaN	NaN	NaN	6191
35068	57.2167	11.8333	8043	0.0	9	0.0000	3.3900	0.7301	0.4885	NaN	NaN	NaN	5462
35068	57.2167	11.8333	8043	0.0	10	0.0000	2.9900	0.8712	0.5150	NaN	NaN	NaN	5326
35068	57.2167	11.8333	8043	0.0	11	0.0000	3.4600	0.8541	0.5347	NaN	NaN	NaN	5066
35068	57.2167	11.8333	8043	0.0	12	0.0000	3.3300	0.9373	0.5298	NaN	NaN	NaN	5716
35069	57.2167	11.5667	8043	0.0	1	0.0000	15.0000	NaN	NaN	NaN	NaN	NaN	0
35069	57.2167	11.5667	8043	0.0	2	0.0000	15.0000	NaN	NaN	NaN	NaN	NaN	0
35069	57.2167	11.5667	8043	0.0	3	0.0000	15.0000	NaN	NaN	NaN	NaN	NaN	0
35069	57.2167	11.5667	8043	0.0	4	0.0000	15.0000	NaN	NaN	NaN	NaN	NaN	0
35069	57.2167	11.5667	8043	0.0	5	0.0000	0.8000	0.3252	0.1591	NaN	NaN	NaN	290
35069	57.2167	11.5667	8043	0.0	6	0.0000	0.8500	0.3093	0.1382	NaN	NaN	NaN	136
35069	57.2167	11.5667	8043	0.0	7	0.0000	15.0000	NaN	NaN	NaN	NaN	NaN	0
35069	57.2167	11.5667	8043	0.0	8	0.0000	15.0000	NaN	NaN	NaN	NaN	NaN	0
35069	57.2167	11.5667	8043	0.0	9	0.0000	15.0000	NaN	NaN	NaN	NaN	NaN	0
35069	57.2167	11.5667	8043	0.0	10	0.0000	15.0000	NaN	NaN	NaN	NaN	NaN	0
35069	57.2167	11.5667	8043	0.0	11	0.0000	15.0000	NaN	NaN	NaN	NaN	NaN	0
35069	57.2167	11.5667	8043	0.0	12	0.0000	15.0000	NaN	NaN	NaN	NaN	NaN	0
35070	57.6000	11.6333	8043	0.0	1	0.0000	4.8900	0.9700	0.6428	NaN	NaN	NaN	12791
35070	57.6000	11.6333	8043	0.0	2	0.0000	4.3700	0.7862	0.5859	NaN	NaN	NaN	11486
35070	57.6000	11.6333	8043	0.0	3	0.0000	3.8900	0.7922	0.5655	NaN	NaN	NaN	12555
35070	57.6000	11.6333	8043	0.0	4	0.0000	3.3600	0.5422	0.4050	NaN	NaN	NaN	14161
35070	57.6000	11.6333	8043	0.0	5	0.0000	3.4800	0.5164	0.3776	NaN	NaN	NaN	12596
35070	57.6000	11.6333	8043	0.0	6	0.0000	3.0000	0.6071	0.4257	NaN	NaN	NaN	13610
35070	57.6000	11.6333	8043	0.0	7	0.0000	3.0000	0.6245	0.4340	NaN	NaN	NaN	14183
35070	57.6000	11.6333	8043	0.0	8	0.0000	2.8800	0.6311	0.4214	NaN	NaN	NaN	14964
35070	57.6000	11.6333	8043	0.0	9	0.0000	4.1300	0.7642	0.5485	NaN	NaN	NaN	14145
35070	57.6000	11.6333	8043	0.0	10	0.0000	4.9700	0.8976	0.5826	NaN	NaN	NaN	13378
35070	57.6000	11.6333	8043	0.0	11	0.0000	4.1400	0.8798	0.5887	NaN	NaN	NaN	13898
35070	57.6000	11.6333	8043	0.0	12	0.0000	4.8600	0.8984	0.5953	NaN	NaN	NaN	14277
35071	58.5833	11.0667	8043	0.0	1	0.0000	3.8300	1.2176	0.9826	NaN	NaN	NaN	230
35071	58.5833	11.0667	8043	0.0	2	0.0000	15.0000	NaN	NaN	NaN	NaN	NaN	0
35071	58.5833	11.0667	8043	0.0	3	0.0000	15.0000	NaN	NaN	NaN	NaN	NaN	0
35071	58.5833	11.0667	8043	0.0	4	0.0000	2.8900	0.6529	0.6006	NaN	NaN	NaN	280
35071	58.5833	11.0667	8043	0.0	5	0.0000	2.1300	0.4878	0.3884	NaN	NaN	NaN	690
35071	58.5833	11.0667	8043	0.0	6	0.0000	1.6200	0.5340	0.3393	NaN	NaN	NaN	311
35071	58.5833	11.0667	8043	0.0	7	0.0000	2.7500	0.4752	0.4620	NaN	NaN	NaN	655
35071	58.5833	11.0667	8043	0.0	8	0.0000	1.7900	0.4933	0.3510	NaN	NaN	NaN	370
35071	58.5833	11.0667	8043	0.0	9	0.0000	2.9500	0.8993	0.6139	NaN	NaN	NaN	601
35071	58.5833	11.0667	8043	0.0	10	0.0000	4.1800	1.1404	0.8273	NaN	NaN	NaN	598
35071	58.5833	11.0667	8043	0.0	11	0.0000	3.3500	1.0576	0.6941	NaN	NaN	NaN	298
35071	58.5833	11.0667	8043	0.0	12	0.0000	3.9600	1.5975	0.8448	NaN	NaN	NaN	696
35072	58.5333	10.9833	8043	0.0	1	0.0000	15.0000	NaN	NaN	NaN	NaN	NaN	0
35072	58.5333	10.9833	8043	0.0	2	0.0000	15.0000	NaN	NaN	NaN	NaN	NaN	0
35072	58.5333	10.9833	8043	0.0	3	0.0000	15.0000	NaN	NaN	NaN	NaN	NaN	0
35072	58.5333	10.9833	8043	0.0	4	0.0000	15.0000	NaN	NaN	NaN	NaN	NaN	0
35072	58.5333	10.9833	8043	0.0	5	0.0000	15.0000	NaN	NaN	NaN	NaN	NaN	0
35072	58.5333	10.9833	8043	0.0	6	0.0000	15.0000	NaN	NaN	NaN	NaN	NaN	0
35072	58.5333	10.9833	8043	0.0	7	0.0000	2.6900	0.8688	0.4520	NaN	NaN	NaN	211
35072	58.5333	10.9833	8043	0.0	8	0.0000	2.4100	0.8902	0.4491	NaN	NaN	NaN	692
35072	58.5333	10.9833	8043	0.0	9	0.0000	3.8200	1.4060	0.7805	NaN	NaN	NaN	711
35072	58.5333	10.9833	8043	0.0	10	0.0000	2.8200	1.1994	0.5126	NaN	NaN	NaN	615
35072	58.5333	10.9833	8043	0.0	11	0.0000	3.8700	1.6685	0.6900	NaN	NaN	NaN	511
35072	58.5333	10.9833	8043	0.0	12	0.0000	4.4500	1.8052	0.8849	NaN	NaN	NaN	360
