33001	57.2167	11.5667	8044	0.0	1	0.0000	5.8594	3.7416	0.6301	NaN	NaN	NaN	1596
33001	57.2167	11.5667	8044	0.0	2	0.0000	4.9805	3.5422	0.5243	NaN	NaN	NaN	437
33001	57.2167	11.5667	8044	0.0	3	0.0000	30.0000	NaN	NaN	NaN	NaN	NaN	0
33001	57.2167	11.5667	8044	0.0	4	0.0000	4.6875	3.1573	0.3941	NaN	NaN	NaN	1264
33001	57.2167	11.5667	8044	0.0	5	0.0000	4.8047	3.1969	0.4089	NaN	NaN	NaN	3154
33001	57.2167	11.5667	8044	0.0	6	0.0000	4.9219	3.2896	0.4320	NaN	NaN	NaN	4488
33001	57.2167	11.5667	8044	0.0	7	0.0000	4.9805	3.1939	0.3966	NaN	NaN	NaN	4861
33001	57.2167	11.5667	8044	0.0	8	0.0000	5.9180	3.2288	0.4394	NaN	NaN	NaN	4811
33001	57.2167	11.5667	8044	0.0	9	0.0000	5.6250	3.4227	0.5399	NaN	NaN	NaN	3183
33001	57.2167	11.5667	8044	0.0	10	0.0000	5.0977	3.4202	0.5163	NaN	NaN	NaN	3493
33001	57.2167	11.5667	8044	0.0	11	0.0000	6.5625	3.6037	0.6119	NaN	NaN	NaN	2913
33001	57.2167	11.5667	8044	0.0	12	0.0000	5.5078	3.5565	0.5454	NaN	NaN	NaN	2167
33002	58.9333	19.1667	8044	0.0	1	0.0000	6.8262	4.1497	0.9110	NaN	NaN	NaN	1562
33002	58.9333	19.1667	8044	0.0	2	0.0000	6.0102	3.8116	0.6973	NaN	NaN	NaN	1625
33002	58.9333	19.1667	8044	0.0	3	0.0000	7.1276	3.7836	0.6678	NaN	NaN	NaN	1653
33002	58.9333	19.1667	8044	0.0	4	0.0000	5.1453	3.2422	0.5103	NaN	NaN	NaN	1381
33002	58.9333	19.1667	8044	0.0	5	0.0000	5.5664	3.2956	0.4961	NaN	NaN	NaN	3035
33002	58.9333	19.1667	8044	0.0	6	0.0000	5.7493	3.3561	0.5327	NaN	NaN	NaN	4636
33002	58.9333	19.1667	8044	0.0	7	0.0000	5.8008	3.4094	0.5607	NaN	NaN	NaN	4541
33002	58.9333	19.1667	8044	0.0	8	0.0000	8.1445	3.5625	0.6512	NaN	NaN	NaN	4298
33002	58.9333	19.1667	8044	0.0	9	0.0000	6.6351	3.7155	0.6643	NaN	NaN	NaN	4507
33002	58.9333	19.1667	8044	0.0	10	0.0000	6.9507	4.0762	0.8183	NaN	NaN	NaN	4318
33002	58.9333	19.1667	8044	0.0	11	0.0000	7.3933	4.0349	0.8027	NaN	NaN	NaN	2730
33002	58.9333	19.1667	8044	0.0	12	0.0000	7.2494	4.1940	0.8022	NaN	NaN	NaN	1883
33003	60.9000	18.6167	8044	0.0	1	0.0000	7.7550	3.8304	0.8229	NaN	NaN	NaN	5140
33003	60.9000	18.6167	8044	0.0	2	0.0000	10.0300	3.6066	0.7543	NaN	NaN	NaN	3594
33003	60.9000	18.6167	8044	0.0	3	0.0000	6.2353	3.4399	0.7191	NaN	NaN	NaN	3931
33003	60.9000	18.6167	8044	0.0	4	0.0000	6.2353	3.2575	0.7172	NaN	NaN	NaN	3847
33003	60.9000	18.6167	8044	0.0	5	0.0000	5.8400	3.1145	0.6319	NaN	NaN	NaN	5689
33003	60.9000	18.6167	8044	0.0	6	0.0000	5.9544	3.1151	0.6085	NaN	NaN	NaN	7870
33003	60.9000	18.6167	8044	0.0	7	0.0000	5.9544	3.1761	0.6491	NaN	NaN	NaN	6931
33003	60.9000	18.6167	8044	0.0	8	0.0000	5.9544	3.2282	0.6608	NaN	NaN	NaN	8549
33003	60.9000	18.6167	8044	0.0	9	0.0000	7.0900	3.3506	0.7535	NaN	NaN	NaN	8885
33003	60.9000	18.6167	8044	0.0	10	0.0000	7.9465	3.5841	0.7205	NaN	NaN	NaN	8781
33003	60.9000	18.6167	8044	0.0	11	0.0000	8.0000	3.7162	0.8288	NaN	NaN	NaN	7184
33003	60.9000	18.6167	8044	0.0	12	0.0000	6.6667	3.7755	0.6871	NaN	NaN	NaN	7333
33004	55.9167	18.7833	8044	0.0	1	0.0000	9.6218	4.4941	1.0046	NaN	NaN	NaN	3005
33004	55.9167	18.7833	8044	0.0	2	0.0000	8.5187	4.3017	0.9818	NaN	NaN	NaN	2549
33004	55.9167	18.7833	8044	0.0	3	0.0000	8.0466	3.9478	0.8424	NaN	NaN	NaN	3586
33004	55.9167	18.7833	8044	0.0	4	0.0000	6.5390	3.5367	0.8131	NaN	NaN	NaN	3206
33004	55.9167	18.7833	8044	0.0	5	0.0000	5.9544	3.4623	0.6986	NaN	NaN	NaN	3053
33004	55.9167	18.7833	8044	0.0	6	0.0000	7.6178	3.5079	0.7813	NaN	NaN	NaN	2874
33004	55.9167	18.7833	8044	0.0	7	0.0000	6.5390	3.5361	0.7983	NaN	NaN	NaN	2712
33004	55.9167	18.7833	8044	0.0	8	0.0000	6.2353	3.6059	0.7487	NaN	NaN	NaN	1911
33004	55.9167	18.7833	8044	0.0	9	0.0000	8.5187	4.2170	0.9362	NaN	NaN	NaN	2466
33004	55.9167	18.7833	8044	0.0	10	0.0000	9.0410	4.5189	1.1033	NaN	NaN	NaN	2212
33004	55.9167	18.7833	8044	0.0	11	0.0000	7.6178	4.6567	0.9542	NaN	NaN	NaN	2124
33004	55.9167	18.7833	8044	0.0	12	0.0000	7.6178	4.3113	0.9896	NaN	NaN	NaN	2586
33005	58.4833	10.9333	8044	0.0	1	0.0000	30.0000	NaN	NaN	NaN	NaN	NaN	0
33005	58.4833	10.9333	8044	0.0	2	0.0000	30.0000	NaN	NaN	NaN	NaN	NaN	0
33005	58.4833	10.9333	8044	0.0	3	0.0000	30.0000	NaN	NaN	NaN	NaN	NaN	0
33005	58.4833	10.9333	8044	0.0	4	0.0000	30.0000	NaN	NaN	NaN	NaN	NaN	0
33005	58.4833	10.9333	8044	0.0	5	0.0000	30.0000	NaN	NaN	NaN	NaN	NaN	0
33005	58.4833	10.9333	8044	0.0	6	0.0000	30.0000	NaN	NaN	NaN	NaN	NaN	0
33005	58.4833	10.9333	8044	0.0	7	0.0000	30.0000	NaN	NaN	NaN	NaN	NaN	0
33005	58.4833	10.9333	8044	0.0	8	0.0000	30.0000	NaN	NaN	NaN	NaN	NaN	0
33005	58.4833	10.9333	8044	0.0	9	0.0000	30.0000	NaN	NaN	NaN	NaN	NaN	0
33005	58.4833	10.9333	8044	0.0	10	0.0000	30.0000	NaN	NaN	NaN	NaN	NaN	0
33005	58.4833	10.9333	8044	0.0	11	0.0000	30.0000	NaN	NaN	NaN	NaN	NaN	0
33005	58.4833	10.9333	8044	0.0	12	0.0000	30.0000	NaN	NaN	NaN	NaN	NaN	0
33008	57.5167	17.6167	8044	0.0	1	0.0000	7.2040	4.0693	0.8302	NaN	NaN	NaN	4577
33008	57.5167	17.6167	8044	0.0	2	0.0000	6.3550	3.7947	0.7938	NaN	NaN	NaN	4092
33008	57.5167	17.6167	8044	0.0	3	0.0000	6.5500	3.5537	0.7961	NaN	NaN	NaN	4214
33008	57.5167	17.6167	8044	0.0	4	0.0000	5.9620	3.4585	0.6764	NaN	NaN	NaN	4180
33008	57.5167	17.6167	8044	0.0	5	0.0000	6.2750	3.3233	0.5797	NaN	NaN	NaN	4954
33008	57.5167	17.6167	8044	0.0	6	0.0000	5.7350	3.3107	0.5693	NaN	NaN	NaN	4759
33008	57.5167	17.6167	8044	0.0	7	0.0000	5.9600	3.3516	0.5853	NaN	NaN	NaN	4570
33008	57.5167	17.6167	8044	0.0	8	0.0000	5.4517	3.2734	0.5602	NaN	NaN	NaN	4432
33008	57.5167	17.6167	8044	0.0	9	0.0000	6.6850	3.5275	0.7355	NaN	NaN	NaN	4252
33008	57.5167	17.6167	8044	0.0	10	0.0000	6.6010	3.6881	0.7481	NaN	NaN	NaN	4394
33008	57.5167	17.6167	8044	0.0	11	0.0000	7.4600	3.9567	0.8570	NaN	NaN	NaN	4740
33008	57.5167	17.6167	8044	0.0	12	0.0000	7.2040	4.1139	0.7434	NaN	NaN	NaN	5654
33011	57.2167	11.5667	8044	0.0	1	0.0000	5.6939	3.5123	0.6660	NaN	NaN	NaN	442
33011	57.2167	11.5667	8044	0.0	2	0.0000	5.2258	3.4040	0.5925	NaN	NaN	NaN	672
33011	57.2167	11.5667	8044	0.0	3	0.0000	4.4576	3.2409	0.4123	NaN	NaN	NaN	741
33011	57.2167	11.5667	8044	0.0	4	0.0000	4.1388	3.1812	0.4005	NaN	NaN	NaN	577
33011	57.2167	11.5667	8044	0.0	5	0.0000	30.0000	NaN	NaN	NaN	NaN	NaN	0
33011	57.2167	11.5667	8044	0.0	6	0.0000	30.0000	NaN	NaN	NaN	NaN	NaN	0
33011	57.2167	11.5667	8044	0.0	7	0.0000	30.0000	NaN	NaN	NaN	NaN	NaN	0
33011	57.2167	11.5667	8044	0.0	8	0.0000	30.0000	NaN	NaN	NaN	NaN	NaN	0
33011	57.2167	11.5667	8044	0.0	9	0.0000	30.0000	NaN	NaN	NaN	NaN	NaN	0
33011	57.2167	11.5667	8044	0.0	10	0.0000	30.0000	NaN	NaN	NaN	NaN	NaN	0
33011	57.2167	11.5667	8044	0.0	11	0.0000	30.0000	NaN	NaN	NaN	NaN	NaN	0
33011	57.2167	11.5667	8044	0.0	12	0.0000	30.0000	NaN	NaN	NaN	NaN	NaN	0
33012	58.9333	19.1667	8044	0.0	1	0.0000	30.0000	NaN	NaN	NaN	NaN	NaN	0
33012	58.9333	19.1667	8044	0.0	2	0.0000	5.9544	4.0109	0.7675	NaN	NaN	NaN	456
33012	58.9333	19.1667	8044	0.0	3	0.0000	6.8683	3.6973	0.7529	NaN	NaN	NaN	738
33012	58.9333	19.1667	8044	0.0	4	0.0000	4.8172	3.5870	0.6634	NaN	NaN	NaN	272
33012	58.9333	19.1667	8044	0.0	5	0.0000	30.0000	NaN	NaN	NaN	NaN	NaN	0
33012	58.9333	19.1667	8044	0.0	6	0.0000	30.0000	NaN	NaN	NaN	NaN	NaN	0
33012	58.9333	19.1667	8044	0.0	7	0.0000	30.0000	NaN	NaN	NaN	NaN	NaN	0
33012	58.9333	19.1667	8044	0.0	8	0.0000	30.0000	NaN	NaN	NaN	NaN	NaN	0
33012	58.9333	19.1667	8044	0.0	9	0.0000	5.9544	4.2168	0.7086	NaN	NaN	NaN	800
33012	58.9333	19.1667	8044	0.0	10	0.0000	6.0606	3.6462	0.7928	NaN	NaN	NaN	1488
33012	58.9333	19.1667	8044	0.0	11	0.0000	6.8683	4.1315	0.8243	NaN	NaN	NaN	1440
33012	58.9333	19.1667	8044	0.0	12	0.0000	6.7797	4.7623	0.9161	NaN	NaN	NaN	603
33015	58.4833	10.9333	8044	0.0	1	0.0000	12.9000	4.6280	1.3784	NaN	NaN	NaN	14116
33015	58.4833	10.9333	8044	0.0	2	0.0000	9.3100	4.4039	1.1916	NaN	NaN	NaN	9113
33015	58.4833	10.9333	8044	0.0	3	0.0000	19.6800	4.3079	1.3022	NaN	NaN	NaN	10419
33015	58.4833	10.9333	8044	0.0	4	0.0000	18.4000	3.9805	1.0477	NaN	NaN	NaN	13941
33015	58.4833	10.9333	8044	0.0	5	0.0000	8.1000	3.9827	0.9487	NaN	NaN	NaN	16317
33015	58.4833	10.9333	8044	0.0	6	0.0000	7.1200	3.9604	0.9088	NaN	NaN	NaN	15778
33015	58.4833	10.9333	8044	0.0	7	0.0000	8.7200	4.0097	0.8888	NaN	NaN	NaN	16103
33015	58.4833	10.9333	8044	0.0	8	0.0000	7.9000	3.9603	0.9528	NaN	NaN	NaN	14411
33015	58.4833	10.9333	8044	0.0	9	0.0000	9.3700	4.1104	1.0526	NaN	NaN	NaN	14541
33015	58.4833	10.9333	8044	0.0	10	0.0000	8.6200	4.0844	1.0739	NaN	NaN	NaN	15349
33015	58.4833	10.9333	8044	0.0	11	0.0000	10.1100	4.4314	1.1439	NaN	NaN	NaN	15313
33015	58.4833	10.9333	8044	0.0	12	0.0000	18.8300	4.6198	1.3936	NaN	NaN	NaN	16214
33030	58.1835	11.0153	8044	0.0	1	0.0000	12.7801	5.4062	1.2583	NaN	NaN	NaN	568
33030	58.1835	11.0153	8044	0.0	2	0.0000	8.5187	4.9343	1.1330	NaN	NaN	NaN	680
33030	58.1835	11.0153	8044	0.0	3	0.0000	8.0466	4.4121	0.9404	NaN	NaN	NaN	730
33030	58.1835	11.0153	8044	0.0	4	0.0000	5.6939	3.9178	0.7577	NaN	NaN	NaN	410
33030	58.1835	11.0153	8044	0.0	5	0.0000	30.0000	NaN	NaN	NaN	NaN	NaN	0
33030	58.1835	11.0153	8044	0.0	6	0.0000	30.0000	NaN	NaN	NaN	NaN	NaN	0
33030	58.1835	11.0153	8044	0.0	7	0.0000	30.0000	NaN	NaN	NaN	NaN	NaN	0
33030	58.1835	11.0153	8044	0.0	8	0.0000	30.0000	NaN	NaN	NaN	NaN	NaN	0
33030	58.1835	11.0153	8044	0.0	9	0.0000	30.0000	NaN	NaN	NaN	NaN	NaN	0
33030	58.1835	11.0153	8044	0.0	10	0.0000	30.0000	NaN	NaN	NaN	NaN	NaN	0
33030	58.1835	11.0153	8044	0.0	11	0.0000	30.0000	NaN	NaN	NaN	NaN	NaN	0
33030	58.1835	11.0153	8044	0.0	12	0.0000	30.0000	NaN	NaN	NaN	NaN	NaN	0
33031	59.0363	18.1205	8044	0.0	1	0.0000	30.0000	NaN	NaN	NaN	NaN	NaN	0
33031	59.0363	18.1205	8044	0.0	2	0.0000	30.0000	NaN	NaN	NaN	NaN	NaN	0
33031	59.0363	18.1205	8044	0.0	3	0.0000	30.0000	NaN	NaN	NaN	NaN	NaN	0
33031	59.0363	18.1205	8044	0.0	4	0.0000	18.4782	3.4934	3.2378	NaN	NaN	NaN	422
33031	59.0363	18.1205	8044	0.0	5	0.0000	16.6641	3.0693	2.7037	NaN	NaN	NaN	313
33031	59.0363	18.1205	8044	0.0	6	0.0000	30.0000	NaN	NaN	NaN	NaN	NaN	0
33031	59.0363	18.1205	8044	0.0	7	0.0000	30.0000	NaN	NaN	NaN	NaN	NaN	0
33031	59.0363	18.1205	8044	0.0	8	0.0000	30.0000	NaN	NaN	NaN	NaN	NaN	0
33031	59.0363	18.1205	8044	0.0	9	0.0000	30.0000	NaN	NaN	NaN	NaN	NaN	0
33031	59.0363	18.1205	8044	0.0	10	0.0000	30.0000	NaN	NaN	NaN	NaN	NaN	0
33031	59.0363	18.1205	8044	0.0	11	0.0000	30.0000	NaN	NaN	NaN	NaN	NaN	0
33031	59.0363	18.1205	8044	0.0	12	0.0000	30.0000	NaN	NaN	NaN	NaN	NaN	0
33032	59.0144	18.2253	8044	0.0	1	0.0000	7.0600	2.3786	0.4928	NaN	NaN	NaN	1461
33032	59.0144	18.2253	8044	0.0	2	0.0000	2.6900	2.3722	0.1737	NaN	NaN	NaN	16
33032	59.0144	18.2253	8044	0.0	3	0.0000	30.0000	NaN	NaN	NaN	NaN	NaN	0
33032	59.0144	18.2253	8044	0.0	4	0.0000	30.0000	NaN	NaN	NaN	NaN	NaN	0
33032	59.0144	18.2253	8044	0.0	5	0.0000	30.0000	NaN	NaN	NaN	NaN	NaN	0
33032	59.0144	18.2253	8044	0.0	6	0.0000	30.0000	NaN	NaN	NaN	NaN	NaN	0
33032	59.0144	18.2253	8044	0.0	7	0.0000	30.0000	NaN	NaN	NaN	NaN	NaN	0
33032	59.0144	18.2253	8044	0.0	8	0.0000	30.0000	NaN	NaN	NaN	NaN	NaN	0
33032	59.0144	18.2253	8044	0.0	9	0.0000	30.0000	NaN	NaN	NaN	NaN	NaN	0
33032	59.0144	18.2253	8044	0.0	10	0.0000	9.5900	2.5149	0.6324	NaN	NaN	NaN	704
33032	59.0144	18.2253	8044	0.0	11	0.0000	46.4300	2.6249	2.0333	NaN	NaN	NaN	1437
33032	59.0144	18.2253	8044	0.0	12	0.0000	14.3900	2.5526	0.5152	NaN	NaN	NaN	1479
33033	58.2500	11.2167	8044	0.0	1	0.0000	12.9000	4.6280	1.3784	NaN	NaN	NaN	14116
33033	58.2500	11.2167	8044	0.0	2	0.0000	9.3100	4.4039	1.1916	NaN	NaN	NaN	9113
33033	58.2500	11.2167	8044	0.0	3	0.0000	19.6800	4.3079	1.3022	NaN	NaN	NaN	10419
33033	58.2500	11.2167	8044	0.0	4	0.0000	18.4000	3.9805	1.0477	NaN	NaN	NaN	13941
33033	58.2500	11.2167	8044	0.0	5	0.0000	8.1000	3.9827	0.9487	NaN	NaN	NaN	16317
33033	58.2500	11.2167	8044	0.0	6	0.0000	7.1200	3.9604	0.9088	NaN	NaN	NaN	15778
33033	58.2500	11.2167	8044	0.0	7	0.0000	8.7200	4.0097	0.8888	NaN	NaN	NaN	16103
33033	58.2500	11.2167	8044	0.0	8	0.0000	7.9000	3.9603	0.9528	NaN	NaN	NaN	14411
33033	58.2500	11.2167	8044	0.0	9	0.0000	9.3700	4.1104	1.0526	NaN	NaN	NaN	14541
33033	58.2500	11.2167	8044	0.0	10	0.0000	8.6200	4.0844	1.0739	NaN	NaN	NaN	15349
33033	58.2500	11.2167	8044	0.0	11	0.0000	10.1100	4.4314	1.1439	NaN	NaN	NaN	15313
33033	58.2500	11.2167	8044	0.0	12	0.0000	18.8300	4.6198	1.3936	NaN	NaN	NaN	16214
33211	54.5000	10.2667	8044	0.0	1	0.0000	30.0000	NaN	NaN	NaN	NaN	NaN	0
33211	54.5000	10.2667	8044	0.0	2	0.0000	30.0000	NaN	NaN	NaN	NaN	NaN	0
33211	54.5000	10.2667	8044	0.0	3	0.0000	30.0000	NaN	NaN	NaN	NaN	NaN	0
33211	54.5000	10.2667	8044	0.0	4	0.0000	30.0000	NaN	NaN	NaN	NaN	NaN	0
33211	54.5000	10.2667	8044	0.0	5	0.0000	30.0000	NaN	NaN	NaN	NaN	NaN	0
33211	54.5000	10.2667	8044	0.0	6	0.0000	30.0000	NaN	NaN	NaN	NaN	NaN	0
33211	54.5000	10.2667	8044	0.0	7	0.0000	30.0000	NaN	NaN	NaN	NaN	NaN	0
33211	54.5000	10.2667	8044	0.0	8	0.0000	30.0000	NaN	NaN	NaN	NaN	NaN	0
33211	54.5000	10.2667	8044	0.0	9	0.0000	30.0000	NaN	NaN	NaN	NaN	NaN	0
33211	54.5000	10.2667	8044	0.0	10	0.0000	30.0000	NaN	NaN	NaN	NaN	NaN	0
33211	54.5000	10.2667	8044	0.0	11	0.0000	30.0000	NaN	NaN	NaN	NaN	NaN	0
33211	54.5000	10.2667	8044	0.0	12	0.0000	30.0000	NaN	NaN	NaN	NaN	NaN	0
33213	54.7000	12.7000	8044	0.0	1	0.0000	4.7000	3.4930	0.4929	NaN	NaN	NaN	560
33213	54.7000	12.7000	8044	0.0	2	0.0000	4.9000	3.3847	0.5583	NaN	NaN	NaN	620
33213	54.7000	12.7000	8044	0.0	3	0.0000	4.4000	2.9472	0.3513	NaN	NaN	NaN	682
33213	54.7000	12.7000	8044	0.0	4	0.0000	4.3000	3.1066	0.4261	NaN	NaN	NaN	635
33213	54.7000	12.7000	8044	0.0	5	0.0000	4.6000	3.0916	0.4972	NaN	NaN	NaN	666
33213	54.7000	12.7000	8044	0.0	6	0.0000	4.3000	3.0541	0.4192	NaN	NaN	NaN	1289
33213	54.7000	12.7000	8044	0.0	7	0.0000	4.7000	3.1117	0.5640	NaN	NaN	NaN	1105
33213	54.7000	12.7000	8044	0.0	8	0.0000	5.3000	3.1469	0.5767	NaN	NaN	NaN	1045
33213	54.7000	12.7000	8044	0.0	9	0.0000	4.5000	3.0950	0.4614	NaN	NaN	NaN	920
33213	54.7000	12.7000	8044	0.0	10	0.0000	5.0000	3.4159	0.6364	NaN	NaN	NaN	674
33213	54.7000	12.7000	8044	0.0	11	0.0000	5.0000	3.4343	0.6722	NaN	NaN	NaN	1802
33213	54.7000	12.7000	8044	0.0	12	0.0000	4.9000	3.5323	0.5051	NaN	NaN	NaN	405
33214	54.8833	13.8617	8044	0.0	1	0.0000	5.3000	4.2360	0.5989	NaN	NaN	NaN	222
33214	54.8833	13.8617	8044	0.0	2	0.0000	4.3000	3.9488	0.2463	NaN	NaN	NaN	43
33214	54.8833	13.8617	8044	0.0	3	0.0000	3.4000	2.8133	0.2695	NaN	NaN	NaN	165
33214	54.8833	13.8617	8044	0.0	4	0.0000	4.8000	3.4107	0.4718	NaN	NaN	NaN	1239
33214	54.8833	13.8617	8044	0.0	5	0.0000	4.0000	2.9971	0.3744	NaN	NaN	NaN	620
33214	54.8833	13.8617	8044	0.0	6	0.0000	5.0000	3.2683	0.5376	NaN	NaN	NaN	1266
33214	54.8833	13.8617	8044	0.0	7	0.0000	5.6000	3.2511	0.5581	NaN	NaN	NaN	1469
33214	54.8833	13.8617	8044	0.0	8	0.0000	5.0000	3.3680	0.5696	NaN	NaN	NaN	1423
33214	54.8833	13.8617	8044	0.0	9	0.0000	5.5000	3.3264	0.6492	NaN	NaN	NaN	1311
33214	54.8833	13.8617	8044	0.0	10	0.0000	6.6000	4.2413	0.8489	NaN	NaN	NaN	1425
33214	54.8833	13.8617	8044	0.0	11	0.0000	5.9000	3.8308	0.7239	NaN	NaN	NaN	1344
33214	54.8833	13.8617	8044	0.0	12	0.0000	30.0000	NaN	NaN	NaN	NaN	NaN	0
33284	55.0083	13.1542	8044	0.0	1	0.0000	30.0000	NaN	NaN	NaN	NaN	NaN	0
33284	55.0083	13.1542	8044	0.0	2	0.0000	30.0000	NaN	NaN	NaN	NaN	NaN	0
33284	55.0083	13.1542	8044	0.0	3	0.0000	30.0000	NaN	NaN	NaN	NaN	NaN	0
33284	55.0083	13.1542	8044	0.0	4	0.0000	30.0000	NaN	NaN	NaN	NaN	NaN	0
33284	55.0083	13.1542	8044	0.0	5	0.0000	30.0000	NaN	NaN	NaN	NaN	NaN	0
33284	55.0083	13.1542	8044	0.0	6	0.0000	4.2000	3.1782	0.4088	NaN	NaN	NaN	1525
33284	55.0083	13.1542	8044	0.0	7	0.0000	4.7000	3.1833	0.5581	NaN	NaN	NaN	915
33284	55.0083	13.1542	8044	0.0	8	0.0000	5.4000	3.3982	0.8238	NaN	NaN	NaN	504
33284	55.0083	13.1542	8044	0.0	9	0.0000	2.5000	2.5000	NaN	NaN	NaN	NaN	1
33284	55.0083	13.1542	8044	0.0	10	0.0000	5.8000	3.7240	0.6918	NaN	NaN	NaN	641
33284	55.0083	13.1542	8044	0.0	11	0.0000	5.3000	3.7701	0.7777	NaN	NaN	NaN	668
33284	55.0083	13.1542	8044	0.0	12	0.0000	5.1000	3.8425	0.6043	NaN	NaN	NaN	299
33604	58.4893	21.6344	8044	0.0	1	0.0000	5.7000	3.7844	0.7303	NaN	NaN	NaN	968
33604	58.4893	21.6344	8044	0.0	2	0.0000	30.0000	NaN	NaN	NaN	NaN	NaN	0
33604	58.4893	21.6344	8044	0.0	3	0.0000	30.0000	NaN	NaN	NaN	NaN	NaN	0
33604	58.4893	21.6344	8044	0.0	4	0.0000	5.2000	3.4806	0.6864	NaN	NaN	NaN	377
33604	58.4893	21.6344	8044	0.0	5	0.0000	5.6000	3.5899	0.6554	NaN	NaN	NaN	1367
33604	58.4893	21.6344	8044	0.0	6	0.0000	5.4000	3.6217	0.6351	NaN	NaN	NaN	1332
33604	58.4893	21.6344	8044	0.0	7	0.0000	6.2000	3.7393	0.8350	NaN	NaN	NaN	1235
33604	58.4893	21.6344	8044	0.0	8	0.0000	5.2000	3.1603	0.7112	NaN	NaN	NaN	1346
33604	58.4893	21.6344	8044	0.0	9	0.0000	5.8000	3.6185	0.7429	NaN	NaN	NaN	1267
33604	58.4893	21.6344	8044	0.0	10	0.0000	5.7000	3.4951	0.8966	NaN	NaN	NaN	1311
33604	58.4893	21.6344	8044	0.0	11	0.0000	6.4000	4.4624	0.7984	NaN	NaN	NaN	1363
33604	58.4893	21.6344	8044	0.0	12	0.0000	8.1000	4.8839	0.9212	NaN	NaN	NaN	1386
35051	66.4500	16.4833	8044	0.0	1	0.0000	30.0000	NaN	NaN	NaN	NaN	NaN	0
35051	66.4500	16.4833	8044	0.0	2	0.0000	30.0000	NaN	NaN	NaN	NaN	NaN	0
35051	66.4500	16.4833	8044	0.0	3	0.0000	30.0000	NaN	NaN	NaN	NaN	NaN	0
35051	66.4500	16.4833	8044	0.0	4	0.0000	30.0000	NaN	NaN	NaN	NaN	NaN	0
35051	66.4500	16.4833	8044	0.0	5	0.0000	30.0000	NaN	NaN	NaN	NaN	NaN	0
35051	66.4500	16.4833	8044	0.0	6	0.0000	30.0000	NaN	NaN	NaN	NaN	NaN	0
35051	66.4500	16.4833	8044	0.0	7	0.0000	30.0000	NaN	NaN	NaN	NaN	NaN	0
35051	66.4500	16.4833	8044	0.0	8	0.0000	9.9000	2.8470	1.7526	NaN	NaN	NaN	345
35051	66.4500	16.4833	8044	0.0	9	0.0000	30.0000	NaN	NaN	NaN	NaN	NaN	0
35051	66.4500	16.4833	8044	0.0	10	0.0000	9.9000	3.1342	1.8423	NaN	NaN	NaN	992
35051	66.4500	16.4833	8044	0.0	11	0.0000	9.8000	3.1819	1.8144	NaN	NaN	NaN	465
35051	66.4500	16.4833	8044	0.0	12	0.0000	30.0000	NaN	NaN	NaN	NaN	NaN	0
35052	60.8833	20.7500	8044	0.0	1	0.0000	30.0000	NaN	NaN	NaN	NaN	NaN	0
35052	60.8833	20.7500	8044	0.0	2	0.0000	30.0000	NaN	NaN	NaN	NaN	NaN	0
35052	60.8833	20.7500	8044	0.0	3	0.0000	30.0000	NaN	NaN	NaN	NaN	NaN	0
35052	60.8833	20.7500	8044	0.0	4	0.0000	30.0000	NaN	NaN	NaN	NaN	NaN	0
35052	60.8833	20.7500	8044	0.0	5	0.0000	30.0000	NaN	NaN	NaN	NaN	NaN	0
35052	60.8833	20.7500	8044	0.0	6	0.0000	30.0000	NaN	NaN	NaN	NaN	NaN	0
35052	60.8833	20.7500	8044	0.0	7	0.0000	30.0000	NaN	NaN	NaN	NaN	NaN	0
35052	60.8833	20.7500	8044	0.0	8	0.0000	6.4000	3.6044	0.9617	NaN	NaN	NaN	503
35052	60.8833	20.7500	8044	0.0	9	0.0000	6.4000	3.6225	0.7468	NaN	NaN	NaN	537
35052	60.8833	20.7500	8044	0.0	10	0.0000	6.3000	3.8045	0.8405	NaN	NaN	NaN	719
35052	60.8833	20.7500	8044	0.0	11	0.0000	6.6000	3.9404	0.7691	NaN	NaN	NaN	596
35052	60.8833	20.7500	8044	0.0	12	0.0000	7.6000	4.4697	0.9835	NaN	NaN	NaN	366
35053	60.8667	18.2333	8044	0.0	1	0.0000	30.0000	NaN	NaN	NaN	NaN	NaN	0
35053	60.8667	18.2333	8044	0.0	2	0.0000	30.0000	NaN	NaN	NaN	NaN	NaN	0
35053	60.8667	18.2333	8044	0.0	3	0.0000	30.0000	NaN	NaN	NaN	NaN	NaN	0
35053	60.8667	18.2333	8044	0.0	4	0.0000	30.0000	NaN	NaN	NaN	NaN	NaN	0
35053	60.8667	18.2333	8044	0.0	5	0.0000	30.0000	NaN	NaN	NaN	NaN	NaN	0
35053	60.8667	18.2333	8044	0.0	6	0.0000	30.0000	NaN	NaN	NaN	NaN	NaN	0
35053	60.8667	18.2333	8044	0.0	7	0.0000	3.1000	2.6148	0.3024	NaN	NaN	NaN	54
35053	60.8667	18.2333	8044	0.0	8	0.0000	6.6000	3.4242	0.8535	NaN	NaN	NaN	681
35053	60.8667	18.2333	8044	0.0	9	0.0000	6.4000	3.1879	0.5914	NaN	NaN	NaN	653
35053	60.8667	18.2333	8044	0.0	10	0.0000	6.5000	3.5591	0.7310	NaN	NaN	NaN	611
35053	60.8667	18.2333	8044	0.0	11	0.0000	6.5000	3.7223	0.9148	NaN	NaN	NaN	493
35053	60.8667	18.2333	8044	0.0	12	0.0000	7.3000	4.2155	1.0077	NaN	NaN	NaN	129
35054	59.4667	20.3500	8044	0.0	1	0.0000	9.1000	4.9659	0.9514	NaN	NaN	NaN	874
35054	59.4667	20.3500	8044	0.0	2	0.0000	7.3000	3.9073	0.7701	NaN	NaN	NaN	565
35054	59.4667	20.3500	8044	0.0	3	0.0000	6.0000	4.0244	0.7717	NaN	NaN	NaN	614
35054	59.4667	20.3500	8044	0.0	4	0.0000	7.3000	3.7031	0.6808	NaN	NaN	NaN	741
35054	59.4667	20.3500	8044	0.0	5	0.0000	8.9000	3.3076	0.8152	NaN	NaN	NaN	1283
35054	59.4667	20.3500	8044	0.0	6	0.0000	6.5000	3.5661	0.6664	NaN	NaN	NaN	1654
35054	59.4667	20.3500	8044	0.0	7	0.0000	7.3000	3.4870	0.7844	NaN	NaN	NaN	1877
35054	59.4667	20.3500	8044	0.0	8	0.0000	6.6000	3.5469	0.7084	NaN	NaN	NaN	1797
35054	59.4667	20.3500	8044	0.0	9	0.0000	7.9000	4.2129	0.8474	NaN	NaN	NaN	2075
35054	59.4667	20.3500	8044	0.0	10	0.0000	7.6000	4.5309	0.9185	NaN	NaN	NaN	2118
35054	59.4667	20.3500	8044	0.0	11	0.0000	8.3000	4.6438	0.8790	NaN	NaN	NaN	2391
35054	59.4667	20.3500	8044	0.0	12	0.0000	7.0000	4.7640	0.8971	NaN	NaN	NaN	469
35055	59.3333	19.1333	8044	0.0	1	0.0000	30.0000	NaN	NaN	NaN	NaN	NaN	0
35055	59.3333	19.1333	8044	0.0	2	0.0000	30.0000	NaN	NaN	NaN	NaN	NaN	0
35055	59.3333	19.1333	8044	0.0	3	0.0000	30.0000	NaN	NaN	NaN	NaN	NaN	0
35055	59.3333	19.1333	8044	0.0	4	0.0000	30.0000	NaN	NaN	NaN	NaN	NaN	0
35055	59.3333	19.1333	8044	0.0	5	0.0000	30.0000	NaN	NaN	NaN	NaN	NaN	0
35055	59.3333	19.1333	8044	0.0	6	0.0000	30.0000	NaN	NaN	NaN	NaN	NaN	0
35055	59.3333	19.1333	8044	0.0	7	0.0000	30.0000	NaN	NaN	NaN	NaN	NaN	0
35055	59.3333	19.1333	8044	0.0	8	0.0000	30.0000	NaN	NaN	NaN	NaN	NaN	0
35055	59.3333	19.1333	8044	0.0	9	0.0000	30.0000	NaN	NaN	NaN	NaN	NaN	0
35055	59.3333	19.1333	8044	0.0	10	0.0000	30.0000	NaN	NaN	NaN	NaN	NaN	0
35055	59.3333	19.1333	8044	0.0	11	0.0000	9.8000	3.6402	1.2573	NaN	NaN	NaN	605
35055	59.3333	19.1333	8044	0.0	12	0.0000	5.5000	3.2367	0.6681	NaN	NaN	NaN	607
35056	59.1500	19.1333	8044	0.0	1	0.0000	12.5000	4.4186	1.0316	NaN	NaN	NaN	11147
35056	59.1500	19.1333	8044	0.0	2	0.0000	20.0000	4.5636	1.3358	NaN	NaN	NaN	8952
35056	59.1500	19.1333	8044	0.0	3	0.0000	14.8000	4.0772	0.9239	NaN	NaN	NaN	9949
35056	59.1500	19.1333	8044	0.0	4	0.0000	13.5000	3.6620	0.8066	NaN	NaN	NaN	10499
35056	59.1500	19.1333	8044	0.0	5	0.0000	9.3000	3.5167	0.6594	NaN	NaN	NaN	11959
35056	59.1500	19.1333	8044	0.0	6	0.0000	9.5000	3.5258	0.6176	NaN	NaN	NaN	11355
35056	59.1500	19.1333	8044	0.0	7	0.0000	7.8000	3.5268	0.6152	NaN	NaN	NaN	12543
35056	59.1500	19.1333	8044	0.0	8	0.0000	10.2000	3.6517	0.6633	NaN	NaN	NaN	12024
35056	59.1500	19.1333	8044	0.0	9	0.0000	7.3000	3.9132	0.7728	NaN	NaN	NaN	10875
35056	59.1500	19.1333	8044	0.0	10	0.0000	7.4000	4.1331	0.8703	NaN	NaN	NaN	11793
35056	59.1500	19.1333	8044	0.0	11	0.0000	17.4000	4.3009	0.9425	NaN	NaN	NaN	12207
35056	59.1500	19.1333	8044	0.0	12	0.0000	8.0000	4.3241	0.9815	NaN	NaN	NaN	12258
35057	58.6000	17.4667	8044	0.0	1	0.0000	8.6000	4.4295	1.1986	NaN	NaN	NaN	1833
35057	58.6000	17.4667	8044	0.0	2	0.0000	9.0000	4.0988	1.1168	NaN	NaN	NaN	1294
35057	58.6000	17.4667	8044	0.0	3	0.0000	7.0000	3.7628	0.8687	NaN	NaN	NaN	947
35057	58.6000	17.4667	8044	0.0	4	0.0000	7.3000	3.3931	0.7375	NaN	NaN	NaN	1486
35057	58.6000	17.4667	8044	0.0	5	0.0000	5.1000	3.2190	0.5117	NaN	NaN	NaN	2143
35057	58.6000	17.4667	8044	0.0	6	0.0000	6.2000	3.3848	0.6780	NaN	NaN	NaN	2059
35057	58.6000	17.4667	8044	0.0	7	0.0000	6.0000	3.2086	0.5504	NaN	NaN	NaN	2732
35057	58.6000	17.4667	8044	0.0	8	0.0000	6.2000	3.4608	0.6823	NaN	NaN	NaN	2697
35057	58.6000	17.4667	8044	0.0	9	0.0000	6.6000	3.6613	0.7164	NaN	NaN	NaN	2670
35057	58.6000	17.4667	8044	0.0	10	0.0000	6.2000	3.8448	0.8509	NaN	NaN	NaN	2755
35057	58.6000	17.4667	8044	0.0	11	0.0000	7.3000	4.0418	0.8214	NaN	NaN	NaN	2126
35057	58.6000	17.4667	8044	0.0	12	0.0000	7.4000	4.2342	0.9062	NaN	NaN	NaN	1984
35058	57.5833	18.1667	8044	0.0	1	0.0000	30.0000	NaN	NaN	NaN	NaN	NaN	0
35058	57.5833	18.1667	8044	0.0	2	0.0000	30.0000	NaN	NaN	NaN	NaN	NaN	0
35058	57.5833	18.1667	8044	0.0	3	0.0000	30.0000	NaN	NaN	NaN	NaN	NaN	0
35058	57.5833	18.1667	8044	0.0	4	0.0000	30.0000	NaN	NaN	NaN	NaN	NaN	0
35058	57.5833	18.1667	8044	0.0	5	0.0000	30.0000	NaN	NaN	NaN	NaN	NaN	0
35058	57.5833	18.1667	8044	0.0	6	0.0000	6.0000	3.2303	0.6341	NaN	NaN	NaN	455
35058	57.5833	18.1667	8044	0.0	7	0.0000	4.5000	3.1754	0.5243	NaN	NaN	NaN	341
35058	57.5833	18.1667	8044	0.0	8	0.0000	30.0000	NaN	NaN	NaN	NaN	NaN	0
35058	57.5833	18.1667	8044	0.0	9	0.0000	30.0000	NaN	NaN	NaN	NaN	NaN	0
35058	57.5833	18.1667	8044	0.0	10	0.0000	30.0000	NaN	NaN	NaN	NaN	NaN	0
35058	57.5833	18.1667	8044	0.0	11	0.0000	30.0000	NaN	NaN	NaN	NaN	NaN	0
35058	57.5833	18.1667	8044	0.0	12	0.0000	30.0000	NaN	NaN	NaN	NaN	NaN	0
35059	57.4333	19.2833	8044	0.0	1	0.0000	30.0000	NaN	NaN	NaN	NaN	NaN	0
35059	57.4333	19.2833	8044	0.0	2	0.0000	30.0000	NaN	NaN	NaN	NaN	NaN	0
35059	57.4333	19.2833	8044	0.0	3	0.0000	30.0000	NaN	NaN	NaN	NaN	NaN	0
35059	57.4333	19.2833	8044	0.0	4	0.0000	30.0000	NaN	NaN	NaN	NaN	NaN	0
35059	57.4333	19.2833	8044	0.0	5	0.0000	5.8000	3.1370	0.5954	NaN	NaN	NaN	718
35059	57.4333	19.2833	8044	0.0	6	0.0000	5.4000	3.2537	0.6546	NaN	NaN	NaN	674
35059	57.4333	19.2833	8044	0.0	7	0.0000	5.4000	3.4717	0.6524	NaN	NaN	NaN	707
35059	57.4333	19.2833	8044	0.0	8	0.0000	5.5000	3.6822	0.5715	NaN	NaN	NaN	726
35059	57.4333	19.2833	8044	0.0	9	0.0000	6.5000	4.0871	0.7191	NaN	NaN	NaN	698
35059	57.4333	19.2833	8044	0.0	10	0.0000	6.1000	4.0454	0.6691	NaN	NaN	NaN	712
35059	57.4333	19.2833	8044	0.0	11	0.0000	6.1000	4.3330	0.7249	NaN	NaN	NaN	476
35059	57.4333	19.2833	8044	0.0	12	0.0000	30.0000	NaN	NaN	NaN	NaN	NaN	0
35060	56.8333	18.2167	8044	0.0	1	0.0000	6.6000	3.9726	0.7752	NaN	NaN	NaN	518
35060	56.8333	18.2167	8044	0.0	2	0.0000	30.0000	NaN	NaN	NaN	NaN	NaN	0
35060	56.8333	18.2167	8044	0.0	3	0.0000	30.0000	NaN	NaN	NaN	NaN	NaN	0
35060	56.8333	18.2167	8044	0.0	4	0.0000	30.0000	NaN	NaN	NaN	NaN	NaN	0
35060	56.8333	18.2167	8044	0.0	5	0.0000	30.0000	NaN	NaN	NaN	NaN	NaN	0
35060	56.8333	18.2167	8044	0.0	6	0.0000	4.3000	3.0512	0.5082	NaN	NaN	NaN	127
35060	56.8333	18.2167	8044	0.0	7	0.0000	5.1000	3.3957	0.6836	NaN	NaN	NaN	605
35060	56.8333	18.2167	8044	0.0	8	0.0000	5.6000	3.5206	0.6813	NaN	NaN	NaN	685
35060	56.8333	18.2167	8044	0.0	9	0.0000	5.0000	3.4062	0.5105	NaN	NaN	NaN	682
35060	56.8333	18.2167	8044	0.0	10	0.0000	6.4000	4.1755	0.8531	NaN	NaN	NaN	722
35060	56.8333	18.2167	8044	0.0	11	0.0000	7.3000	4.3545	0.8709	NaN	NaN	NaN	697
35060	56.8333	18.2167	8044	0.0	12	0.0000	6.2000	4.0707	0.6749	NaN	NaN	NaN	707
35062	56.1667	16.1167	8044	0.0	1	0.0000	6.4000	3.6536	0.9350	NaN	NaN	NaN	705
35062	56.1667	16.1167	8044	0.0	2	0.0000	9.2000	3.9427	0.9317	NaN	NaN	NaN	553
35062	56.1667	16.1167	8044	0.0	3	0.0000	5.1000	3.9374	0.8229	NaN	NaN	NaN	286
35062	56.1667	16.1167	8044	0.0	4	0.0000	4.7000	3.2877	0.3857	NaN	NaN	NaN	261
35062	56.1667	16.1167	8044	0.0	5	0.0000	4.8000	3.0136	0.4556	NaN	NaN	NaN	653
35062	56.1667	16.1167	8044	0.0	6	0.0000	4.4000	3.0798	0.4344	NaN	NaN	NaN	481
35062	56.1667	16.1167	8044	0.0	7	0.0000	5.8000	3.2730	0.6069	NaN	NaN	NaN	684
35062	56.1667	16.1167	8044	0.0	8	0.0000	5.9000	3.2922	0.6130	NaN	NaN	NaN	540
35062	56.1667	16.1167	8044	0.0	9	0.0000	9.1000	3.4400	1.0057	NaN	NaN	NaN	403
35062	56.1667	16.1167	8044	0.0	10	0.0000	8.1000	3.7636	0.9442	NaN	NaN	NaN	696
35062	56.1667	16.1167	8044	0.0	11	0.0000	6.3000	3.4980	0.7575	NaN	NaN	NaN	658
35062	56.1667	16.1167	8044	0.0	12	0.0000	6.3000	3.9468	0.8877	NaN	NaN	NaN	699
35063	56.0667	16.6833	8044	0.0	1	0.0000	9.6000	4.5024	0.9825	NaN	NaN	NaN	13093
35063	56.0667	16.6833	8044	0.0	2	0.0000	8.6000	4.4264	1.0018	NaN	NaN	NaN	10881
35063	56.0667	16.6833	8044	0.0	3	0.0000	8.2000	4.0891	0.8813	NaN	NaN	NaN	12433
35063	56.0667	16.6833	8044	0.0	4	0.0000	8.1000	3.7117	0.8554	NaN	NaN	NaN	11118
35063	56.0667	16.6833	8044	0.0	5	0.0000	8.1000	3.5086	0.7022	NaN	NaN	NaN	12088
35063	56.0667	16.6833	8044	0.0	6	0.0000	9.9000	3.6348	0.8206	NaN	NaN	NaN	11110
35063	56.0667	16.6833	8044	0.0	7	0.0000	6.9000	3.6407	0.7071	NaN	NaN	NaN	13014
35063	56.0667	16.6833	8044	0.0	8	0.0000	9.9000	3.6862	0.7547	NaN	NaN	NaN	12670
35063	56.0667	16.6833	8044	0.0	9	0.0000	7.6000	3.9602	0.8515	NaN	NaN	NaN	11208
35063	56.0667	16.6833	8044	0.0	10	0.0000	7.9000	4.2972	0.9183	NaN	NaN	NaN	12215
35063	56.0667	16.6833	8044	0.0	11	0.0000	9.8000	4.3936	0.9201	NaN	NaN	NaN	13121
35063	56.0667	16.6833	8044	0.0	12	0.0000	9.7000	4.4805	0.9462	NaN	NaN	NaN	13628
35064	56.0667	16.6833	8044	0.0	1	0.0000	30.0000	NaN	NaN	NaN	NaN	NaN	0
35064	56.0667	16.6833	8044	0.0	2	0.0000	5.9000	3.9534	0.7106	NaN	NaN	NaN	670
35064	56.0667	16.6833	8044	0.0	3	0.0000	5.7000	4.0555	0.6327	NaN	NaN	NaN	254
35064	56.0667	16.6833	8044	0.0	4	0.0000	30.0000	NaN	NaN	NaN	NaN	NaN	0
35064	56.0667	16.6833	8044	0.0	5	0.0000	30.0000	NaN	NaN	NaN	NaN	NaN	0
35064	56.0667	16.6833	8044	0.0	6	0.0000	30.0000	NaN	NaN	NaN	NaN	NaN	0
35064	56.0667	16.6833	8044	0.0	7	0.0000	30.0000	NaN	NaN	NaN	NaN	NaN	0
35064	56.0667	16.6833	8044	0.0	8	0.0000	30.0000	NaN	NaN	NaN	NaN	NaN	0
35064	56.0667	16.6833	8044	0.0	9	0.0000	30.0000	NaN	NaN	NaN	NaN	NaN	0
35064	56.0667	16.6833	8044	0.0	10	0.0000	30.0000	NaN	NaN	NaN	NaN	NaN	0
35064	56.0667	16.6833	8044	0.0	11	0.0000	30.0000	NaN	NaN	NaN	NaN	NaN	0
35064	56.0667	16.6833	8044	0.0	12	0.0000	30.0000	NaN	NaN	NaN	NaN	NaN	0
35065	55.9333	15.3167	8044	0.0	1	0.0000	5.2000	3.8530	0.6466	NaN	NaN	NaN	302
35065	55.9333	15.3167	8044	0.0	2	0.0000	30.0000	NaN	NaN	NaN	NaN	NaN	0
35065	55.9333	15.3167	8044	0.0	3	0.0000	30.0000	NaN	NaN	NaN	NaN	NaN	0
35065	55.9333	15.3167	8044	0.0	4	0.0000	30.0000	NaN	NaN	NaN	NaN	NaN	0
35065	55.9333	15.3167	8044	0.0	5	0.0000	30.0000	NaN	NaN	NaN	NaN	NaN	0
35065	55.9333	15.3167	8044	0.0	6	0.0000	30.0000	NaN	NaN	NaN	NaN	NaN	0
35065	55.9333	15.3167	8044	0.0	7	0.0000	30.0000	NaN	NaN	NaN	NaN	NaN	0
35065	55.9333	15.3167	8044	0.0	8	0.0000	30.0000	NaN	NaN	NaN	NaN	NaN	0
35065	55.9333	15.3167	8044	0.0	9	0.0000	30.0000	NaN	NaN	NaN	NaN	NaN	0
35065	55.9333	15.3167	8044	0.0	10	0.0000	30.0000	NaN	NaN	NaN	NaN	NaN	0
35065	55.9333	15.3167	8044	0.0	11	0.0000	5.7000	3.7704	0.9300	NaN	NaN	NaN	392
35065	55.9333	15.3167	8044	0.0	12	0.0000	5.7000	3.8068	0.7384	NaN	NaN	NaN	722
35066	56.5500	12.7333	8044	0.0	1	0.0000	4.1000	3.0278	0.4490	NaN	NaN	NaN	176
35066	56.5500	12.7333	8044	0.0	2	0.0000	30.0000	NaN	NaN	NaN	NaN	NaN	0
35066	56.5500	12.7333	8044	0.0	3	0.0000	4.1000	2.6997	0.4250	NaN	NaN	NaN	303
35066	56.5500	12.7333	8044	0.0	4	0.0000	5.7000	3.0520	0.6206	NaN	NaN	NaN	896
35066	56.5500	12.7333	8044	0.0	5	0.0000	9.9000	2.8139	0.6819	NaN	NaN	NaN	1392
35066	56.5500	12.7333	8044	0.0	6	0.0000	5.1000	3.0793	0.5944	NaN	NaN	NaN	846
35066	56.5500	12.7333	8044	0.0	7	0.0000	5.2000	3.0499	0.6994	NaN	NaN	NaN	573
35066	56.5500	12.7333	8044	0.0	8	0.0000	5.6000	3.4117	0.7840	NaN	NaN	NaN	812
35066	56.5500	12.7333	8044	0.0	9	0.0000	7.3000	3.3456	0.9814	NaN	NaN	NaN	1424
35066	56.5500	12.7333	8044	0.0	10	0.0000	6.2000	3.4697	0.9388	NaN	NaN	NaN	804
35066	56.5500	12.7333	8044	0.0	11	0.0000	5.0000	2.9606	0.6036	NaN	NaN	NaN	700
35066	56.5500	12.7333	8044	0.0	12	0.0000	5.3000	2.9919	0.6998	NaN	NaN	NaN	717
35067	55.6000	12.8500	8044	0.0	1	0.0000	9.8000	2.9000	0.6017	NaN	NaN	NaN	8498
35067	55.6000	12.8500	8044	0.0	2	0.0000	9.9000	2.9148	0.6868	NaN	NaN	NaN	7924
35067	55.6000	12.8500	8044	0.0	3	0.0000	9.8000	2.7450	0.5549	NaN	NaN	NaN	8626
35067	55.6000	12.8500	8044	0.0	4	0.0000	6.6000	2.5969	0.4211	NaN	NaN	NaN	8999
35067	55.6000	12.8500	8044	0.0	5	0.0000	9.1000	2.5342	0.3928	NaN	NaN	NaN	8995
35067	55.6000	12.8500	8044	0.0	6	0.0000	4.9000	2.5152	0.3797	NaN	NaN	NaN	8191
35067	55.6000	12.8500	8044	0.0	7	0.0000	4.5000	2.5952	0.4053	NaN	NaN	NaN	7816
35067	55.6000	12.8500	8044	0.0	8	0.0000	4.8000	2.6140	0.4045	NaN	NaN	NaN	8687
35067	55.6000	12.8500	8044	0.0	9	0.0000	9.7000	2.7854	0.5778	NaN	NaN	NaN	8496
35067	55.6000	12.8500	8044	0.0	10	0.0000	8.9000	2.8225	0.5086	NaN	NaN	NaN	8324
35067	55.6000	12.8500	8044	0.0	11	0.0000	4.9000	2.8303	0.4725	NaN	NaN	NaN	9985
35067	55.6000	12.8500	8044	0.0	12	0.0000	8.5000	2.8665	0.4941	NaN	NaN	NaN	9225
35068	57.2167	11.8333	8044	0.0	1	0.0000	6.7000	3.9432	0.7695	NaN	NaN	NaN	4378
35068	57.2167	11.8333	8044	0.0	2	0.0000	6.6000	3.8353	0.7582	NaN	NaN	NaN	5026
35068	57.2167	11.8333	8044	0.0	3	0.0000	6.4000	3.6416	0.7601	NaN	NaN	NaN	5400
35068	57.2167	11.8333	8044	0.0	4	0.0000	6.0000	3.3671	0.5890	NaN	NaN	NaN	4925
35068	57.2167	11.8333	8044	0.0	5	0.0000	6.6000	3.3386	0.5705	NaN	NaN	NaN	3888
35068	57.2167	11.8333	8044	0.0	6	0.0000	5.8000	3.3322	0.5314	NaN	NaN	NaN	5052
35068	57.2167	11.8333	8044	0.0	7	0.0000	6.6000	3.4119	0.6054	NaN	NaN	NaN	6379
35068	57.2167	11.8333	8044	0.0	8	0.0000	5.8000	3.4716	0.5657	NaN	NaN	NaN	6191
35068	57.2167	11.8333	8044	0.0	9	0.0000	7.2000	3.4681	0.6803	NaN	NaN	NaN	5462
35068	57.2167	11.8333	8044	0.0	10	0.0000	5.9000	3.6536	0.6957	NaN	NaN	NaN	5326
35068	57.2167	11.8333	8044	0.0	11	0.0000	6.4000	3.6314	0.7269	NaN	NaN	NaN	5066
35068	57.2167	11.8333	8044	0.0	12	0.0000	6.2000	3.7407	0.7063	NaN	NaN	NaN	5716
35069	57.2167	11.5667	8044	0.0	1	0.0000	30.0000	NaN	NaN	NaN	NaN	NaN	0
35069	57.2167	11.5667	8044	0.0	2	0.0000	30.0000	NaN	NaN	NaN	NaN	NaN	0
35069	57.2167	11.5667	8044	0.0	3	0.0000	30.0000	NaN	NaN	NaN	NaN	NaN	0
35069	57.2167	11.5667	8044	0.0	4	0.0000	30.0000	NaN	NaN	NaN	NaN	NaN	0
35069	57.2167	11.5667	8044	0.0	5	0.0000	4.1000	2.9362	0.3583	NaN	NaN	NaN	290
35069	57.2167	11.5667	8044	0.0	6	0.0000	3.9000	2.7640	0.2666	NaN	NaN	NaN	136
35069	57.2167	11.5667	8044	0.0	7	0.0000	30.0000	NaN	NaN	NaN	NaN	NaN	0
35069	57.2167	11.5667	8044	0.0	8	0.0000	30.0000	NaN	NaN	NaN	NaN	NaN	0
35069	57.2167	11.5667	8044	0.0	9	0.0000	30.0000	NaN	NaN	NaN	NaN	NaN	0
35069	57.2167	11.5667	8044	0.0	10	0.0000	30.0000	NaN	NaN	NaN	NaN	NaN	0
35069	57.2167	11.5667	8044	0.0	11	0.0000	30.0000	NaN	NaN	NaN	NaN	NaN	0
35069	57.2167	11.5667	8044	0.0	12	0.0000	30.0000	NaN	NaN	NaN	NaN	NaN	0
35070	57.6000	11.6333	8044	0.0	1	0.0000	12.0000	3.9860	0.8318	NaN	NaN	NaN	12791
35070	57.6000	11.6333	8044	0.0	2	0.0000	12.8000	3.7847	0.8995	NaN	NaN	NaN	11486
35070	57.6000	11.6333	8044	0.0	3	0.0000	10.0000	3.6886	0.7463	NaN	NaN	NaN	12555
35070	57.6000	11.6333	8044	0.0	4	0.0000	8.1000	3.3790	0.6056	NaN	NaN	NaN	14161
35070	57.6000	11.6333	8044	0.0	5	0.0000	6.1000	3.3715	0.5703	NaN	NaN	NaN	12596
35070	57.6000	11.6333	8044	0.0	6	0.0000	6.0000	3.5332	0.5858	NaN	NaN	NaN	13609
35070	57.6000	11.6333	8044	0.0	7	0.0000	6.8000	3.5937	0.5937	NaN	NaN	NaN	14183
35070	57.6000	11.6333	8044	0.0	8	0.0000	6.0000	3.5697	0.5822	NaN	NaN	NaN	14964
35070	57.6000	11.6333	8044	0.0	9	0.0000	7.4000	3.7040	0.7243	NaN	NaN	NaN	14145
35070	57.6000	11.6333	8044	0.0	10	0.0000	7.3000	3.8429	0.7466	NaN	NaN	NaN	13376
35070	57.6000	11.6333	8044	0.0	11	0.0000	7.2000	3.7953	0.7608	NaN	NaN	NaN	13898
35070	57.6000	11.6333	8044	0.0	12	0.0000	7.2000	3.8196	0.7507	NaN	NaN	NaN	14277
35071	58.5833	11.0667	8044	0.0	1	0.0000	7.6000	4.5291	1.2785	NaN	NaN	NaN	230
35071	58.5833	11.0667	8044	0.0	2	0.0000	30.0000	NaN	NaN	NaN	NaN	NaN	0
35071	58.5833	11.0667	8044	0.0	3	0.0000	30.0000	NaN	NaN	NaN	NaN	NaN	0
35071	58.5833	11.0667	8044	0.0	4	0.0000	7.4000	4.2689	1.0101	NaN	NaN	NaN	280
35071	58.5833	11.0667	8044	0.0	5	0.0000	9.1000	3.8207	1.0382	NaN	NaN	NaN	690
35071	58.5833	11.0667	8044	0.0	6	0.0000	6.3000	3.9312	0.7796	NaN	NaN	NaN	311
35071	58.5833	11.0667	8044	0.0	7	0.0000	6.3000	3.4968	0.9238	NaN	NaN	NaN	655
35071	58.5833	11.0667	8044	0.0	8	0.0000	5.7000	3.5359	0.8562	NaN	NaN	NaN	370
35071	58.5833	11.0667	8044	0.0	9	0.0000	8.6000	4.0216	0.9041	NaN	NaN	NaN	601
35071	58.5833	11.0667	8044	0.0	10	0.0000	7.6000	4.3980	1.2483	NaN	NaN	NaN	598
35071	58.5833	11.0667	8044	0.0	11	0.0000	6.7000	4.0862	0.9765	NaN	NaN	NaN	298
35071	58.5833	11.0667	8044	0.0	12	0.0000	8.1000	5.0115	1.0819	NaN	NaN	NaN	696
35072	58.5333	10.9833	8044	0.0	1	0.0000	30.0000	NaN	NaN	NaN	NaN	NaN	0
35072	58.5333	10.9833	8044	0.0	2	0.0000	30.0000	NaN	NaN	NaN	NaN	NaN	0
35072	58.5333	10.9833	8044	0.0	3	0.0000	30.0000	NaN	NaN	NaN	NaN	NaN	0
35072	58.5333	10.9833	8044	0.0	4	0.0000	30.0000	NaN	NaN	NaN	NaN	NaN	0
35072	58.5333	10.9833	8044	0.0	5	0.0000	30.0000	NaN	NaN	NaN	NaN	NaN	0
35072	58.5333	10.9833	8044	0.0	6	0.0000	30.0000	NaN	NaN	NaN	NaN	NaN	0
35072	58.5333	10.9833	8044	0.0	7	0.0000	9.8000	5.4986	1.2092	NaN	NaN	NaN	211
35072	58.5333	10.9833	8044	0.0	8	0.0000	9.8000	4.9840	1.1680	NaN	NaN	NaN	692
35072	58.5333	10.9833	8044	0.0	9	0.0000	9.9000	4.6809	0.8850	NaN	NaN	NaN	711
35072	58.5333	10.9833	8044	0.0	10	0.0000	9.9000	6.0937	1.3952	NaN	NaN	NaN	615
35072	58.5333	10.9833	8044	0.0	11	0.0000	9.8000	6.8464	1.1935	NaN	NaN	NaN	511
35072	58.5333	10.9833	8044	0.0	12	0.0000	9.9000	7.4419	1.1187	NaN	NaN	NaN	360
