168	65.6969	23.0961	8195	0	1	-1.212	1.765	0.164	0.3674	0.05	0.1	180	60	0.005	3	1500	0.1	96175
168	65.6969	23.0961	8195	0	2	-0.854	1.437	0.0508	0.3158	0.05	0.1	180	60	0.005	3	1500	0.1	82487
168	65.6969	23.0961	8195	0	3	-0.907	1.269	-0.0637	0.2703	0.05	0.1	180	60	0.005	3	1500	0.1	94245
168	65.6969	23.0961	8195	0	4	-0.92	0.866	-0.0982	0.1939	0.05	0.1	180	60	0.005	3	1500	0.1	94613
168	65.6969	23.0961	8195	0	5	-0.928	0.628	-0.1103	0.1879	0.05	0.1	180	60	0.005	3	1500	0.1	97215
168	65.6969	23.0961	8195	0	6	-0.669	0.732	-0.0579	0.1779	0.05	0.1	180	60	0.005	3	1500	0.1	90381
168	65.6969	23.0961	8195	0	7	-1.006	0.587	0.0159	0.1537	0.05	0.1	180	60	0.005	3	1500	0.1	94444
168	65.6969	23.0961	8195	0	8	-0.727	0.811	0.0307	0.1802	0.05	0.1	180	60	0.005	3	1500	0.1	98058
168	65.6969	23.0961	8195	0	9	-0.843	1.371	0.093	0.2464	0.05	0.1	180	60	0.005	3	1500	0.1	99172
168	65.6969	23.0961	8195	0	10	-1.003	1.333	0.0756	0.304	0.05	0.1	180	60	0.005	3	1500	0.1	103027
168	65.6969	23.0961	8195	0	11	-1.071	1.337	0.147	0.3075	0.05	0.1	180	60	0.005	3	1500	0.1	100890
168	65.6969	23.0961	8195	0	12	-0.993	1.484	0.2432	0.3635	0.05	0.1	180	60	0.005	3	1500	0.1	100153
169	65.6969	23.0961	8195	0	1	-1.212	1.765	0.164	0.3674	0.05	0.1	180	60	0.005	3	1500	0.1	96175
169	65.6969	23.0961	8195	0	2	-0.854	1.437	0.0508	0.3158	0.05	0.1	180	60	0.005	3	1500	0.1	82487
169	65.6969	23.0961	8195	0	3	-0.907	1.269	-0.0637	0.2703	0.05	0.1	180	60	0.005	3	1500	0.1	94245
169	65.6969	23.0961	8195	0	4	-0.92	0.866	-0.0982	0.1939	0.05	0.1	180	60	0.005	3	1500	0.1	94613
169	65.6969	23.0961	8195	0	5	-0.928	0.628	-0.1103	0.1879	0.05	0.1	180	60	0.005	3	1500	0.1	97215
169	65.6969	23.0961	8195	0	6	-0.669	0.732	-0.0579	0.1779	0.05	0.1	180	60	0.005	3	1500	0.1	90381
169	65.6969	23.0961	8195	0	7	-1.006	0.587	0.0159	0.1537	0.05	0.1	180	60	0.005	3	1500	0.1	94444
169	65.6969	23.0961	8195	0	8	-0.727	0.811	0.0307	0.1802	0.05	0.1	180	60	0.005	3	1500	0.1	98058
169	65.6969	23.0961	8195	0	9	-0.843	1.371	0.093	0.2464	0.05	0.1	180	60	0.005	3	1500	0.1	99172
169	65.6969	23.0961	8195	0	10	-1.003	1.333	0.0756	0.304	0.05	0.1	180	60	0.005	3	1500	0.1	103027
169	65.6969	23.0961	8195	0	11	-1.071	1.337	0.147	0.3075	0.05	0.1	180	60	0.005	3	1500	0.1	100890
169	65.6969	23.0961	8195	0	12	-0.993	1.484	0.2432	0.3635	0.05	0.1	180	60	0.005	3	1500	0.1	100153
173	65.6969	23.0961	8195	0	1	-1.212	1.765	0.164	0.3674	0.05	0.1	180	60	0.005	3	1500	0.1	96175
173	65.6969	23.0961	8195	0	2	-0.854	1.437	0.0508	0.3158	0.05	0.1	180	60	0.005	3	1500	0.1	82487
173	65.6969	23.0961	8195	0	3	-0.907	1.269	-0.0637	0.2703	0.05	0.1	180	60	0.005	3	1500	0.1	94245
173	65.6969	23.0961	8195	0	4	-0.92	0.866	-0.0982	0.1939	0.05	0.1	180	60	0.005	3	1500	0.1	94613
173	65.6969	23.0961	8195	0	5	-0.928	0.628	-0.1103	0.1879	0.05	0.1	180	60	0.005	3	1500	0.1	97215
173	65.6969	23.0961	8195	0	6	-0.669	0.732	-0.0579	0.1779	0.05	0.1	180	60	0.005	3	1500	0.1	90381
173	65.6969	23.0961	8195	0	7	-1.006	0.587	0.0159	0.1537	0.05	0.1	180	60	0.005	3	1500	0.1	94444
173	65.6969	23.0961	8195	0	8	-0.727	0.811	0.0307	0.1802	0.05	0.1	180	60	0.005	3	1500	0.1	98058
173	65.6969	23.0961	8195	0	9	-0.843	1.371	0.093	0.2464	0.05	0.1	180	60	0.005	3	1500	0.1	99172
173	65.6969	23.0961	8195	0	10	-1.003	1.333	0.0756	0.304	0.05	0.1	180	60	0.005	3	1500	0.1	103027
173	65.6969	23.0961	8195	0	11	-1.071	1.337	0.147	0.3075	0.05	0.1	180	60	0.005	3	1500	0.1	100890
173	65.6969	23.0961	8195	0	12	-0.993	1.484	0.2432	0.3635	0.05	0.1	180	60	0.005	3	1500	0.1	100153
35103	65.7888	23.3033	8195	0.0	1	-1.1340	1.8430	0.2619	0.3749	0.0083	0.0090	180	60	0.001	3	1500	0.1	95802
35103	65.7888	23.3033	8195	0.0	2	-0.7760	1.5150	0.1112	0.3202	0.0035	0.0042	180	60	0.001	3	1500	0.1	81955
35103	65.7888	23.3033	8195	0.0	3	-0.7930	1.3470	0.0294	0.2708	0.0067	0.0073	180	60	0.001	3	1500	0.1	93774
35103	65.7888	23.3033	8195	0.0	4	-0.8420	0.9440	-0.0062	0.1967	0.0054	0.0060	180	60	0.001	3	1500	0.1	94284
35103	65.7888	23.3033	8195	0.0	5	-0.8500	0.7060	-0.0350	0.1868	0.0073	0.0080	180	60	0.001	3	1500	0.1	97954
35103	65.7888	23.3033	8195	0.0	6	-0.5910	0.8100	0.0269	0.1786	0.0059	0.0065	180	60	0.001	3	1500	0.1	95370
35103	65.7888	23.3033	8195	0.0	7	-0.9280	0.6650	0.0957	0.1528	0.0073	0.0080	180	60	0.001	3	1500	0.1	99338
35103	65.7888	23.3033	8195	0.0	8	-0.6490	0.8890	0.1147	0.1807	0.0891	0.0900	180	60	0.001	3	1500	0.1	103949
35103	65.7888	23.3033	8195	0.0	9	-0.7650	1.4490	0.1657	0.2432	0.0137	0.0144	180	60	0.001	3	1500	0.1	100661
35103	65.7888	23.3033	8195	0.0	10	-0.9250	1.4110	0.1562	0.3037	0.0171	0.0180	180	60	0.001	3	1500	0.1	104302
35103	65.7888	23.3033	8195	0.0	11	-0.9930	1.4150	0.2492	0.3138	0.0198	0.0208	180	60	0.001	3	1500	0.1	100865
35103	65.7888	23.3033	8195	0.0	12	-0.9150	1.5620	0.3386	0.3596	0.0754	0.0765	180	60	0.001	3	1500	0.1	100509
2588	65.7717	23.9029	8195	0.0	1	-1.1830	1.2490	0.2711	0.4355	0.0495	0.0520	180	60	0.001	3	1500	0.1	90946
2588	65.7717	23.9029	8195	0.0	2	-0.3640	0.9300	0.1947	0.3010	0.0288	0.0310	180	60	0.001	3	1500	0.1	91283
2588	65.7717	23.9029	8195	0.0	3	-0.3970	0.9560	0.0883	0.1988	0.0833	0.0860	180	60	0.001	3	1500	0.1	107239
2588	65.7717	23.9029	8195	0.0	4	-0.4590	0.4120	0.0439	0.1393	0.0400	0.0420	180	60	0.001	3	1500	0.1	81585
2588	65.7717	23.9029	8195	0.0	5	-0.4390	0.7470	0.0628	0.1916	0.0230	0.0260	180	60	0.001	3	1500	0.1	86815
2588	65.7717	23.9029	8195	0.0	6	-0.7420	0.8910	0.0479	0.2736	0.0273	0.0300	180	60	0.001	3	1500	0.1	83940
2588	65.7717	23.9029	8195	0.0	7	-0.1130	0.5440	0.1659	0.1087	0.0352	0.0380	180	60	0.001	3	1500	0.1	87244
2588	65.7717	23.9029	8195	0.0	8	-0.2700	0.9820	0.1507	0.2216	0.0315	0.0340	180	60	0.001	3	1500	0.1	86208
2588	65.7717	23.9029	8195	0.0	9	-0.4600	0.9510	0.0648	0.2020	0.0227	0.0250	180	60	0.001	3	1500	0.1	82643
2588	65.7717	23.9029	8195	0.0	10	-0.4990	1.1450	-0.0374	0.3091	0.0196	0.0220	180	60	0.001	3	1500	0.1	97725
2588	65.7717	23.9029	8195	0.0	11	-0.8940	1.3680	0.1540	0.3751	0.0955	0.0980	180	60	0.001	3	1500	0.1	104868
2588	65.7717	23.9029	8195	0.0	12	-0.4070	1.2460	0.4811	0.3316	0.0583	0.0610	180	60	0.001	3	1500	0.1	83339
2157	65.6969	23.0961	8195	0.0	1	-1.1376	1.8394	0.2583	0.3749	0.0083	0.0090	180	60	0.001	3	1500	0.1	95802
2157	65.6969	23.0961	8195	0.0	2	-0.7796	1.5114	0.1076	0.3202	0.0035	0.0042	180	60	0.001	3	1500	0.1	81955
2157	65.6969	23.0961	8195	0.0	3	-0.7966	1.3434	0.0258	0.2708	0.0067	0.0073	180	60	0.001	3	1500	0.1	93774
2157	65.6969	23.0961	8195	0.0	4	-0.8456	0.9404	-0.0098	0.1967	0.0054	0.0060	180	60	0.001	3	1500	0.1	94284
2157	65.6969	23.0961	8195	0.0	5	-0.8536	0.7024	-0.0386	0.1868	0.0073	0.0080	180	60	0.001	3	1500	0.1	97954
2157	65.6969	23.0961	8195	0.0	6	-0.5946	0.8064	0.0233	0.1786	0.0059	0.0065	180	60	0.001	3	1500	0.1	95370
2157	65.6969	23.0961	8195	0.0	7	-0.9316	0.6614	0.0921	0.1528	0.0073	0.0080	180	60	0.001	3	1500	0.1	99338
2157	65.6969	23.0961	8195	0.0	8	-0.6526	0.8854	0.1111	0.1807	0.0094	0.0100	180	60	0.001	3	1500	0.1	103949
2157	65.6969	23.0961	8195	0.0	9	-0.7686	1.4454	0.1621	0.2432	0.0137	0.0144	180	60	0.001	3	1500	0.1	100661
2157	65.6969	23.0961	8195	0.0	10	-0.9286	1.4074	0.1526	0.3037	0.0171	0.0180	180	60	0.001	3	1500	0.1	104302
2157	65.6969	23.0961	8195	0.0	11	-0.9966	1.4114	0.2456	0.3138	0.0198	0.0208	180	60	0.001	3	1500	0.1	100865
2157	65.6969	23.0961	8195	0.0	12	-0.9186	1.5584	0.3350	0.3596	0.0274	0.0284	180	60	0.001	3	1500	0.1	100509
35183	65.5497	22.2383	8195	0.0	1	-1.1780	1.7990	0.2179	0.3749	0.0083	0.0090	180	60	0.001	3	1500	0.1	95802
35183	65.5497	22.2383	8195	0.0	2	-0.8200	1.4710	0.0672	0.3202	0.0035	0.0042	180	60	0.001	3	1500	0.1	81955
35183	65.5497	22.2383	8195	0.0	3	-0.8370	1.3030	-0.0146	0.2708	0.0067	0.0073	180	60	0.001	3	1500	0.1	93774
35183	65.5497	22.2383	8195	0.0	4	-0.8860	0.9000	-0.0502	0.1967	0.0054	0.0060	180	60	0.001	3	1500	0.1	94284
35183	65.5497	22.2383	8195	0.0	5	-0.8940	0.6620	-0.0790	0.1868	0.0073	0.0080	180	60	0.001	3	1500	0.1	97954
35183	65.5497	22.2383	8195	0.0	6	-0.6350	0.7660	-0.0171	0.1786	0.0059	0.0065	180	60	0.001	3	1500	0.1	95370
35183	65.5497	22.2383	8195	0.0	7	-0.9720	0.6210	0.0517	0.1528	0.0073	0.0080	180	60	0.001	3	1500	0.1	99338
35183	65.5497	22.2383	8195	0.0	8	-0.6930	0.8450	0.0707	0.1807	0.0891	0.0900	180	60	0.001	3	1500	0.1	103949
35183	65.5497	22.2383	8195	0.0	9	-0.8090	1.4050	0.1217	0.2432	0.0137	0.0144	180	60	0.001	3	1500	0.1	100661
35183	65.5497	22.2383	8195	0.0	10	-0.9690	1.3670	0.1122	0.3037	0.0171	0.0180	180	60	0.001	3	1500	0.1	104302
35183	65.5497	22.2383	8195	0.0	11	-1.0370	1.3710	0.2052	0.3138	0.0198	0.0208	180	60	0.001	3	1500	0.1	100865
35183	65.5497	22.2383	8195	0.0	12	-0.9590	1.5180	0.2946	0.3596	0.0754	0.0765	180	60	0.001	3	1500	0.1	100509
2055	64.9158	21.2306	8195	0.0	1	-1.1204	1.5056	0.1705	0.3389	0.0417	0.0460	180	60	0.001	3	1500	0.1	149596
2055	64.9158	21.2306	8195	0.0	2	-1.2014	1.4526	0.0343	0.2946	0.0353	0.0390	180	60	0.001	3	1500	0.1	136459
2055	64.9158	21.2306	8195	0.0	3	-0.8304	1.2546	-0.0497	0.2607	0.0524	0.0560	180	60	0.001	3	1500	0.1	149088
2055	64.9158	21.2306	8195	0.0	4	-0.9614	0.8056	-0.0612	0.1943	0.0361	0.0390	180	60	0.001	3	1500	0.1	143873
2055	64.9158	21.2306	8195	0.0	5	-0.8744	0.6236	-0.0941	0.1729	0.0557	0.0590	180	60	0.001	3	1500	0.1	149719
2055	64.9158	21.2306	8195	0.0	6	-0.5504	0.6636	-0.0149	0.1577	0.0471	0.0500	180	60	0.001	3	1500	0.1	149445
2055	64.9158	21.2306	8195	0.0	7	-0.8024	0.5626	0.0556	0.1434	0.0524	0.0555	180	60	0.001	3	1500	0.1	150166
2055	64.9158	21.2306	8195	0.0	8	-0.7894	0.6656	0.0894	0.1675	0.0537	0.0580	180	60	0.001	3	1500	0.1	177135
2055	64.9158	21.2306	8195	0.0	9	-0.8474	1.0596	0.1043	0.2054	0.0462	0.0500	180	60	0.001	3	1500	0.1	160726
2055	64.9158	21.2306	8195	0.0	10	-0.8524	1.0806	0.0966	0.2550	0.0454	0.0490	180	60	0.001	3	1500	0.1	154839
2055	64.9158	21.2306	8195	0.0	11	-0.8854	1.0986	0.1527	0.2650	0.0454	0.0495	180	60	0.001	3	1500	0.1	145305
2055	64.9158	21.2306	8195	0.0	12	-0.8854	1.3106	0.2294	0.3169	0.0444	0.0490	180	60	0.001	3	1500	0.1	155965
35240	64.6633	21.3167	8195	0.0	1	-1.1190	1.5070	0.1719	0.3389	0.0417	0.0460	180	60	0.001	3	1500	0.1	149596
35240	64.6633	21.3167	8195	0.0	2	-1.2000	1.4540	0.0357	0.2946	0.0662	0.0700	180	60	0.001	3	1500	0.1	136459
35240	64.6633	21.3167	8195	0.0	3	-0.8290	1.2560	-0.0483	0.2607	0.0634	0.0670	180	60	0.001	3	1500	0.1	149088
35240	64.6633	21.3167	8195	0.0	4	-0.9600	0.8070	-0.0598	0.1943	0.0531	0.0560	180	60	0.001	3	1500	0.1	143873
35240	64.6633	21.3167	8195	0.0	5	-0.8730	0.6250	-0.0927	0.1729	0.0936	0.0970	180	60	0.001	3	1500	0.1	149719
35240	64.6633	21.3167	8195	0.0	6	-0.5490	0.6650	-0.0135	0.1577	0.0590	0.0620	180	60	0.001	3	1500	0.1	149445
35240	64.6633	21.3167	8195	0.0	7	-0.8010	0.5640	0.0570	0.1434	0.0779	0.0810	180	60	0.001	3	1500	0.1	150166
35240	64.6633	21.3167	8195	0.0	8	-0.7880	0.6670	0.0908	0.1675	0.0726	0.0770	180	60	0.001	3	1500	0.1	177135
35240	64.6633	21.3167	8195	0.0	9	-0.8460	1.0610	0.1057	0.2054	0.0602	0.0640	180	60	0.001	3	1500	0.1	160726
35240	64.6633	21.3167	8195	0.0	10	-0.8510	1.0820	0.0980	0.2550	0.0494	0.0530	180	60	0.001	3	1500	0.1	154839
35240	64.6633	21.3167	8195	0.0	11	-0.8840	1.1000	0.1541	0.2650	0.0609	0.0650	180	60	0.001	3	1500	0.1	145305
35240	64.6633	21.3167	8195	0.0	12	-0.8840	1.3120	0.2308	0.3169	0.0524	0.0570	180	60	0.001	3	1500	0.1	155965
2056	63.9861	20.8950	8195	0.0	1	-1.0230	1.3750	0.1634	0.3119	0.0213	0.0240	180	60	0.001	3	1500	0.1	179475
2056	63.9861	20.8950	8195	0.0	2	-1.0590	1.4690	0.0507	0.2778	0.0203	0.0230	180	60	0.001	3	1500	0.1	163843
2056	63.9861	20.8950	8195	0.0	3	-0.8350	1.1730	-0.0442	0.2483	0.0214	0.0240	180	60	0.001	3	1500	0.1	179074
2056	63.9861	20.8950	8195	0.0	4	-1.0330	0.7430	-0.0624	0.1855	0.0218	0.0240	180	60	0.001	3	1500	0.1	173421
2056	63.9861	20.8950	8195	0.0	5	-0.8130	0.5340	-0.0865	0.1590	0.0255	0.0280	180	60	0.001	3	1500	0.1	179183
2056	63.9861	20.8950	8195	0.0	6	-0.6290	0.5470	-0.0056	0.1467	0.0257	0.0280	180	60	0.001	3	1500	0.1	171419
2056	63.9861	20.8950	8195	0.0	7	-0.6910	0.5650	0.0685	0.1342	0.0265	0.0290	180	60	0.001	3	1500	0.1	175742
2056	63.9861	20.8950	8195	0.0	8	-0.6490	0.8470	0.0795	0.1526	0.0270	0.0290	180	60	0.001	3	1500	0.1	173638
2056	63.9861	20.8950	8195	0.0	9	-0.7450	0.7970	0.1074	0.1977	0.0209	0.0230	180	60	0.001	3	1500	0.1	170697
2056	63.9861	20.8950	8195	0.0	10	-1.1710	1.0140	0.0982	0.2391	0.0177	0.0200	180	60	0.001	3	1500	0.1	179013
2056	63.9861	20.8950	8195	0.0	11	-1.0310	1.0670	0.1524	0.2520	0.0274	0.0300	180	60	0.001	3	1500	0.1	173851
2056	63.9861	20.8950	8195	0.0	12	-0.8490	1.1750	0.2049	0.3088	0.0241	0.0270	180	60	0.001	3	1500	0.1	184607
35124	63.6555	20.3410	8195	0.0	1	-1.0260	1.3720	0.1604	0.3119	0.0213	0.0240	180	60	0.001	3	1500	0.1	179475
35124	63.6555	20.3410	8195	0.0	2	-1.0620	1.4660	0.0477	0.2778	0.0283	0.0310	180	60	0.001	3	1500	0.1	163843
35124	63.6555	20.3410	8195	0.0	3	-0.8380	1.1700	-0.0472	0.2483	0.0284	0.0310	180	60	0.001	3	1500	0.1	179074
35124	63.6555	20.3410	8195	0.0	4	-1.0360	0.7400	-0.0654	0.1855	0.0298	0.0320	180	60	0.001	3	1500	0.1	173421
35124	63.6555	20.3410	8195	0.0	5	-0.8160	0.5310	-0.0895	0.1590	0.0365	0.0390	180	60	0.001	3	1500	0.1	179183
35124	63.6555	20.3410	8195	0.0	6	-0.6320	0.5440	-0.0086	0.1467	0.0356	0.0380	180	60	0.001	3	1500	0.1	171419
35124	63.6555	20.3410	8195	0.0	7	-0.6940	0.5620	0.0655	0.1342	0.0365	0.0390	180	60	0.001	3	1500	0.1	175742
35124	63.6555	20.3410	8195	0.0	8	-0.6520	0.8440	0.0765	0.1526	0.0320	0.0340	180	60	0.001	3	1500	0.1	173638
35124	63.6555	20.3410	8195	0.0	9	-0.7480	0.7940	0.1044	0.1977	0.0309	0.0330	180	60	0.001	3	1500	0.1	170697
35124	63.6555	20.3410	8195	0.0	10	-1.1740	1.0110	0.0952	0.2391	0.0207	0.0230	180	60	0.001	3	1500	0.1	179013
35124	63.6555	20.3410	8195	0.0	11	-1.0340	1.0640	0.1494	0.2520	0.0324	0.0350	180	60	0.001	3	1500	0.1	173851
35124	63.6555	20.3410	8195	0.0	12	-0.8520	1.1720	0.2019	0.3088	0.0371	0.0400	180	60	0.001	3	1500	0.1	184607
35138	63.1881	19.0161	8195	0.0	1	-0.8240	1.1280	0.1408	0.2893	0.0174	0.0185	180	60	0.001	3	1500	0.1	35960
35138	63.1881	19.0161	8195	0.0	2	-0.7100	1.3280	0.0481	0.2756	0.0096	0.0100	180	60	0.001	3	1500	0.1	30956
35138	63.1881	19.0161	8195	0.0	3	-0.6500	0.8720	-0.0179	0.2516	0.0145	0.0150	180	60	0.001	3	1500	0.1	34818
35138	63.1881	19.0161	8195	0.0	4	-0.5240	0.5220	-0.0423	0.1571	0.0099	0.0103	180	60	0.001	3	1500	0.1	31960
35138	63.1881	19.0161	8195	0.0	5	-0.4680	0.4090	-0.0838	0.1321	0.0335	0.0340	180	60	0.001	3	1500	0.1	33711
35138	63.1881	19.0161	8195	0.0	6	-0.4050	0.5140	-0.0163	0.1366	0.0080	0.0083	180	60	0.001	3	1500	0.1	34059
35138	63.1881	19.0161	8195	0.0	7	-0.3420	0.4580	0.0403	0.1251	0.0018	0.0020	180	60	0.001	3	1500	0.1	34889
35138	63.1881	19.0161	8195	0.0	8	-0.3720	0.4800	0.0524	0.1355	0.0692	0.0700	180	60	0.001	3	1500	0.1	36459
35138	63.1881	19.0161	8195	0.0	9	-0.4920	0.5940	0.0619	0.1764	0.0096	0.0100	180	60	0.001	3	1500	0.1	34675
35138	63.1881	19.0161	8195	0.0	10	-0.6390	0.6920	0.0273	0.2161	0.0061	0.0065	180	60	0.001	3	1500	0.1	39206
35138	63.1881	19.0161	8195	0.0	11	-0.5500	1.0160	0.1179	0.2132	0.0493	0.0500	180	60	0.001	3	1500	0.1	35432
35138	63.1881	19.0161	8195	0.0	12	-0.7300	1.2480	0.2033	0.2889	0.0086	0.0092	180	60	0.001	3	1500	0.1	39485
2321	63.1906	19.0125	8195	0.0	1	-0.8240	1.1280	0.1408	0.2893	0.0174	0.0185	180	60	0.001	3	1500	0.1	35960
2321	63.1906	19.0125	8195	0.0	2	-0.7100	1.3280	0.0481	0.2756	0.0052	0.0056	180	60	0.001	3	1500	0.1	30956
2321	63.1906	19.0125	8195	0.0	3	-0.6500	0.8720	-0.0179	0.2516	0.0027	0.0031	180	60	0.001	3	1500	0.1	34818
2321	63.1906	19.0125	8195	0.0	4	-0.5240	0.5220	-0.0423	0.1571	0.0046	0.0050	180	60	0.001	3	1500	0.1	31960
2321	63.1906	19.0125	8195	0.0	5	-0.4680	0.4090	-0.0838	0.1321	0.0051	0.0054	180	60	0.001	3	1500	0.1	33711
2321	63.1906	19.0125	8195	0.0	6	-0.4050	0.5140	-0.0163	0.1366	0.0031	0.0034	180	60	0.001	3	1500	0.1	34059
2321	63.1906	19.0125	8195	0.0	7	-0.3420	0.4580	0.0403	0.1251	0.0015	0.0017	180	60	0.001	3	1500	0.1	34889
2321	63.1906	19.0125	8195	0.0	8	-0.3720	0.4800	0.0524	0.1355	0.0041	0.0044	180	60	0.001	3	1500	0.1	36459
2321	63.1906	19.0125	8195	0.0	9	-0.4920	0.5940	0.0619	0.1764	0.0033	0.0037	180	60	0.001	3	1500	0.1	34675
2321	63.1906	19.0125	8195	0.0	10	-0.6390	0.6920	0.0273	0.2161	0.0036	0.0040	180	60	0.001	3	1500	0.1	39206
2321	63.1906	19.0125	8195	0.0	11	-0.5500	1.0160	0.1179	0.2132	0.0069	0.0074	180	60	0.001	3	1500	0.1	35432
2321	63.1906	19.0125	8195	0.0	12	-0.7300	1.2480	0.2033	0.2889	0.0069	0.0074	180	60	0.001	3	1500	0.1	39485
35153	62.8900	17.8691	8195	0.0	1	-0.7140	1.3120	0.1788	0.3072	0.0307	0.0340	180	60	0.001	3	1500	0.1	109178
35153	62.8900	17.8691	8195	0.0	2	-0.6890	1.2950	0.0391	0.2500	0.0442	0.0470	180	60	0.001	3	1500	0.1	99370
35153	62.8900	17.8691	8195	0.0	3	-0.6470	0.9210	-0.0378	0.2316	0.0974	0.1000	180	60	0.001	3	1500	0.1	108606
35153	62.8900	17.8691	8195	0.0	4	-0.5950	0.6240	-0.0485	0.1541	0.0625	0.0650	180	60	0.001	3	1500	0.1	105121
35153	62.8900	17.8691	8195	0.0	5	-0.6220	0.4040	-0.0747	0.1331	0.0426	0.0450	180	60	0.001	3	1500	0.1	111821
35153	62.8900	17.8691	8195	0.0	6	-0.4090	0.4840	0.0050	0.1326	0.0427	0.0450	180	60	0.001	3	1500	0.1	109593
35153	62.8900	17.8691	8195	0.0	7	-0.3320	0.5180	0.0787	0.1255	0.0626	0.0650	180	60	0.001	3	1500	0.1	113201
35153	62.8900	17.8691	8195	0.0	8	-0.3420	0.4940	0.0770	0.1253	0.0457	0.0480	180	60	0.001	3	1500	0.1	112931
35153	62.8900	17.8691	8195	0.0	9	-0.4490	0.5950	0.0846	0.1629	0.0538	0.0570	180	60	0.001	3	1500	0.1	104071
35153	62.8900	17.8691	8195	0.0	10	-0.6270	0.8650	0.0659	0.2046	0.0462	0.0490	180	60	0.001	3	1500	0.1	108765
35153	62.8900	17.8691	8195	0.0	11	-0.5390	0.9880	0.1652	0.2131	0.0437	0.0470	180	60	0.001	3	1500	0.1	109635
35153	62.8900	17.8691	8195	0.0	12	-0.6920	1.2470	0.2306	0.2584	0.0447	0.0480	180	60	0.001	3	1500	0.1	114684
2062	62.3333	17.4667	8195	0.0	1	-0.8488	0.8652	0.0258	0.2331	0.0046	0.0050	180	60	0.001	3	1500	0.1	51161
2062	62.3333	17.4667	8195	0.0	2	-0.6698	0.9252	-0.0341	0.2330	0.0025	0.0028	180	60	0.001	3	1500	0.1	44033
2062	62.3333	17.4667	8195	0.0	3	-0.7298	0.9712	-0.1446	0.2155	0.0022	0.0025	180	60	0.001	3	1500	0.1	48603
2062	62.3333	17.4667	8195	0.0	4	-0.7918	0.6782	-0.1470	0.1860	0.0017	0.0020	180	60	0.001	3	1500	0.1	48639
2062	62.3333	17.4667	8195	0.0	5	-0.7258	0.3162	-0.1611	0.1407	0.0017	0.0020	180	60	0.001	3	1500	0.1	51609
2062	62.3333	17.4667	8195	0.0	6	-0.4678	0.4182	-0.0678	0.1318	0.0024	0.0027	180	60	0.001	3	1500	0.1	50401
2062	62.3333	17.4667	8195	0.0	7	-0.3238	0.5062	0.0159	0.1183	0.0016	0.0018	180	60	0.001	3	1500	0.1	51960
2062	62.3333	17.4667	8195	0.0	8	-0.5568	0.7392	0.0447	0.1431	0.0030	0.0033	180	60	0.001	3	1500	0.1	51097
2062	62.3333	17.4667	8195	0.0	9	-0.6448	0.6592	0.0308	0.1699	0.0025	0.0028	180	60	0.001	3	1500	0.1	49343
2062	62.3333	17.4667	8195	0.0	10	-0.7348	0.7662	0.0154	0.2051	0.0052	0.0055	180	60	0.001	3	1500	0.1	51107
2062	62.3333	17.4667	8195	0.0	11	-0.9088	0.8322	-0.0020	0.2057	0.0033	0.0037	180	60	0.001	3	1500	0.1	49908
2062	62.3333	17.4667	8195	0.0	12	-0.7068	0.9632	0.0475	0.2214	0.0043	0.0047	180	60	0.001	3	1500	0.1	52080
35125	62.3499	17.5781	8195	0.0	1	-0.7270	1.2990	0.1658	0.3072	0.0307	0.0340	180	60	0.001	3	1500	0.1	109178
35125	62.3499	17.5781	8195	0.0	2	-0.7020	1.2820	0.0261	0.2500	0.0442	0.0470	180	60	0.001	3	1500	0.1	99370
35125	62.3499	17.5781	8195	0.0	3	-0.6600	0.9080	-0.0508	0.2316	0.0974	0.1000	180	60	0.001	3	1500	0.1	108606
35125	62.3499	17.5781	8195	0.0	4	-0.6080	0.6110	-0.0615	0.1541	0.0625	0.0650	180	60	0.001	3	1500	0.1	105121
35125	62.3499	17.5781	8195	0.0	5	-0.6350	0.3910	-0.0877	0.1331	0.0426	0.0450	180	60	0.001	3	1500	0.1	111821
35125	62.3499	17.5781	8195	0.0	6	-0.4220	0.4710	-0.0080	0.1326	0.0427	0.0450	180	60	0.001	3	1500	0.1	109593
35125	62.3499	17.5781	8195	0.0	7	-0.3450	0.5050	0.0657	0.1255	0.0626	0.0650	180	60	0.001	3	1500	0.1	113201
35125	62.3499	17.5781	8195	0.0	8	-0.3550	0.4810	0.0640	0.1253	0.0457	0.0480	180	60	0.001	3	1500	0.1	112931
35125	62.3499	17.5781	8195	0.0	9	-0.4620	0.5820	0.0716	0.1629	0.0538	0.0570	180	60	0.001	3	1500	0.1	104071
35125	62.3499	17.5781	8195	0.0	10	-0.6400	0.8520	0.0529	0.2046	0.0462	0.0490	180	60	0.001	3	1500	0.1	108765
35125	62.3499	17.5781	8195	0.0	11	-0.5520	0.9750	0.1522	0.2131	0.0437	0.0470	180	60	0.001	3	1500	0.1	109635
35125	62.3499	17.5781	8195	0.0	12	-0.7050	1.2340	0.2176	0.2584	0.0447	0.0480	180	60	0.001	3	1500	0.1	114684
2061	62.3633	17.5311	8195	0.0	1	-0.7278	1.2982	0.1650	0.3072	0.0307	0.0340	180	60	0.001	3	1500	0.1	109178
2061	62.3633	17.5311	8195	0.0	2	-0.7028	1.2812	0.0253	0.2500	0.0312	0.0340	180	60	0.001	3	1500	0.1	99370
2061	62.3633	17.5311	8195	0.0	3	-0.6608	0.9072	-0.0516	0.2316	0.0314	0.0340	180	60	0.001	3	1500	0.1	108606
2061	62.3633	17.5311	8195	0.0	4	-0.6088	0.6102	-0.0623	0.1541	0.0256	0.0280	180	60	0.001	3	1500	0.1	105121
2061	62.3633	17.5311	8195	0.0	5	-0.6358	0.3902	-0.0885	0.1331	0.0316	0.0340	180	60	0.001	3	1500	0.1	111821
2061	62.3633	17.5311	8195	0.0	6	-0.4228	0.4702	-0.0088	0.1326	0.0327	0.0350	180	60	0.001	3	1500	0.1	109593
2061	62.3633	17.5311	8195	0.0	7	-0.3458	0.5042	0.0649	0.1255	0.0426	0.0450	180	60	0.001	3	1500	0.1	113201
2061	62.3633	17.5311	8195	0.0	8	-0.3558	0.4802	0.0632	0.1253	0.0367	0.0390	180	60	0.001	3	1500	0.1	112931
2061	62.3633	17.5311	8195	0.0	9	-0.4628	0.5812	0.0708	0.1629	0.0470	0.0500	180	60	0.001	3	1500	0.1	104071
2061	62.3633	17.5311	8195	0.0	10	-0.6408	0.8512	0.0521	0.2046	0.0372	0.0400	180	60	0.001	3	1500	0.1	108765
2061	62.3633	17.5311	8195	0.0	11	-0.5528	0.9742	0.1514	0.2131	0.0362	0.0395	180	60	0.001	3	1500	0.1	109635
2061	62.3633	17.5311	8195	0.0	12	-0.7058	1.2332	0.2168	0.2584	0.0357	0.0390	180	60	0.001	3	1500	0.1	114684
35166	61.2112	17.1641	8195	0.0	1	-0.7170	1.3090	0.1758	0.3072	0.0307	0.0340	180	60	0.001	3	1500	0.1	109178
35166	61.2112	17.1641	8195	0.0	2	-0.6920	1.2920	0.0361	0.2500	0.0442	0.0470	180	60	0.001	3	1500	0.1	99370
35166	61.2112	17.1641	8195	0.0	3	-0.6500	0.9180	-0.0408	0.2316	0.0974	0.1000	180	60	0.001	3	1500	0.1	108606
35166	61.2112	17.1641	8195	0.0	4	-0.5980	0.6210	-0.0515	0.1541	0.0625	0.0650	180	60	0.001	3	1500	0.1	105121
35166	61.2112	17.1641	8195	0.0	5	-0.6250	0.4010	-0.0777	0.1331	0.0426	0.0450	180	60	0.001	3	1500	0.1	111821
35166	61.2112	17.1641	8195	0.0	6	-0.4120	0.4810	0.0020	0.1326	0.0427	0.0450	180	60	0.001	3	1500	0.1	109593
35166	61.2112	17.1641	8195	0.0	7	-0.3350	0.5150	0.0757	0.1255	0.0626	0.0650	180	60	0.001	3	1500	0.1	113201
35166	61.2112	17.1641	8195	0.0	8	-0.3450	0.4910	0.0740	0.1253	0.0457	0.0480	180	60	0.001	3	1500	0.1	112931
35166	61.2112	17.1641	8195	0.0	9	-0.4520	0.5920	0.0816	0.1629	0.0538	0.0570	180	60	0.001	3	1500	0.1	104071
35166	61.2112	17.1641	8195	0.0	10	-0.6300	0.8620	0.0629	0.2046	0.0462	0.0490	180	60	0.001	3	1500	0.1	108765
35166	61.2112	17.1641	8195	0.0	11	-0.5420	0.9850	0.1622	0.2131	0.0437	0.0470	180	60	0.001	3	1500	0.1	109635
35166	61.2112	17.1641	8195	0.0	12	-0.6950	1.2440	0.2276	0.2584	0.0447	0.0480	180	60	0.001	3	1500	0.1	114684
35119	60.7315	17.3258	8195	0.0	1	-0.6790	1.4670	0.1373	0.3028	0.0182	0.0200	180	60	0.001	3	1500	0.1	85478
35119	60.7315	17.3258	8195	0.0	2	-0.6710	1.1000	0.0083	0.2514	0.0282	0.0300	180	60	0.001	3	1500	0.1	84536
35119	60.7315	17.3258	8195	0.0	3	-0.6460	1.1570	-0.0551	0.2259	0.0732	0.0750	180	60	0.001	3	1500	0.1	97588
35119	60.7315	17.3258	8195	0.0	4	-0.5440	0.6340	-0.0711	0.1505	0.0345	0.0360	180	60	0.001	3	1500	0.1	94424
35119	60.7315	17.3258	8195	0.0	5	-0.5660	0.3050	-0.0946	0.1224	0.0346	0.0360	180	60	0.001	3	1500	0.1	97287
35119	60.7315	17.3258	8195	0.0	6	-0.4550	0.4600	-0.0133	0.1283	0.0386	0.0400	180	60	0.001	3	1500	0.1	93140
35119	60.7315	17.3258	8195	0.0	7	-0.3220	0.4810	0.0504	0.1191	0.0167	0.0180	180	60	0.001	3	1500	0.1	97433
35119	60.7315	17.3258	8195	0.0	8	-0.3820	0.5200	0.0585	0.1232	0.0238	0.0250	180	60	0.001	3	1500	0.1	96520
35119	60.7315	17.3258	8195	0.0	9	-0.4870	0.6300	0.0657	0.1604	0.0275	0.0290	180	60	0.001	3	1500	0.1	94218
35119	60.7315	17.3258	8195	0.0	10	-0.5370	0.8600	0.0452	0.2073	0.0233	0.0250	180	60	0.001	3	1500	0.1	97355
35119	60.7315	17.3258	8195	0.0	11	-0.5310	1.0200	0.1334	0.2122	0.0280	0.0300	180	60	0.001	3	1500	0.1	94922
35119	60.7315	17.3258	8195	0.0	12	-0.6790	1.4060	0.1876	0.2444	0.0607	0.0627	180	60	0.001	3	1500	0.1	97860
2067	60.6333	17.9667	8195	0.0	1	-0.5234	1.4976	0.1608	0.2342	0.0195	0.0200	180	60	0.001	3	1500	0.1	62905
2067	60.6333	17.9667	8195	0.0	2	-0.5674	1.3256	0.0901	0.2460	0.0047	0.0052	180	60	0.001	3	1500	0.1	56442
2067	60.6333	17.9667	8195	0.0	3	-0.5524	1.0026	0.0019	0.2182	0.0030	0.0033	180	60	0.001	3	1500	0.1	61284
2067	60.6333	17.9667	8195	0.0	4	-0.6604	1.1816	-0.0072	0.1826	0.0064	0.0067	180	60	0.001	3	1500	0.1	60282
2067	60.6333	17.9667	8195	0.0	5	-0.5864	0.6256	-0.0332	0.1445	0.0024	0.0027	180	60	0.001	3	1500	0.1	61234
2067	60.6333	17.9667	8195	0.0	6	-0.3934	0.6316	0.0521	0.1322	0.0230	0.0233	180	60	0.001	3	1500	0.1	61397
2067	60.6333	17.9667	8195	0.0	7	-0.2874	0.6176	0.1486	0.1231	0.0024	0.0027	180	60	0.001	3	1500	0.1	63816
2067	60.6333	17.9667	8195	0.0	8	-0.3794	0.7456	0.1645	0.1549	0.0035	0.0038	180	60	0.001	3	1500	0.1	64114
2067	60.6333	17.9667	8195	0.0	9	-0.4654	0.9106	0.1705	0.1682	0.0048	0.0052	180	60	0.001	3	1500	0.1	62242
2067	60.6333	17.9667	8195	0.0	10	-0.5154	1.0146	0.1579	0.2004	0.0031	0.0035	180	60	0.001	3	1500	0.1	64565
2067	60.6333	17.9667	8195	0.0	11	-0.6674	1.1846	0.1577	0.2088	0.0182	0.0187	180	60	0.001	3	1500	0.1	62057
2067	60.6333	17.9667	8195	0.0	12	-0.5304	1.0626	0.2071	0.2221	0.0049	0.0053	180	60	0.001	3	1500	0.1	63437
2179	60.4086	18.2108	8195	0.0	1	-0.6366	1.5094	0.1797	0.3028	0.0182	0.0200	180	60	0.001	3	1500	0.1	85478
2179	60.4086	18.2108	8195	0.0	2	-0.6286	1.1424	0.0507	0.2514	0.0162	0.0180	180	60	0.001	3	1500	0.1	84536
2179	60.4086	18.2108	8195	0.0	3	-0.6036	1.1994	-0.0127	0.2259	0.0183	0.0200	180	60	0.001	3	1500	0.1	97588
2179	60.4086	18.2108	8195	0.0	4	-0.5016	0.6764	-0.0287	0.1505	0.0173	0.0188	180	60	0.001	3	1500	0.1	94424
2179	60.4086	18.2108	8195	0.0	5	-0.5236	0.3474	-0.0522	0.1224	0.0166	0.0180	180	60	0.001	3	1500	0.1	97287
2179	60.4086	18.2108	8195	0.0	6	-0.4126	0.5024	0.0291	0.1283	0.0205	0.0218	180	60	0.001	3	1500	0.1	93140
2179	60.4086	18.2108	8195	0.0	7	-0.2796	0.5234	0.0928	0.1191	0.0117	0.0130	180	60	0.001	3	1500	0.1	97433
2179	60.4086	18.2108	8195	0.0	8	-0.3396	0.5624	0.1009	0.1232	0.0188	0.0200	180	60	0.001	3	1500	0.1	96520
2179	60.4086	18.2108	8195	0.0	9	-0.4446	0.6724	0.1081	0.1604	0.0175	0.0190	180	60	0.001	3	1500	0.1	94218
2179	60.4086	18.2108	8195	0.0	10	-0.4946	0.9024	0.0876	0.2073	0.0175	0.0192	180	60	0.001	3	1500	0.1	97355
2179	60.4086	18.2108	8195	0.0	11	-0.4886	1.0624	0.1758	0.2122	0.0221	0.0240	180	60	0.001	3	1500	0.1	94922
2179	60.4086	18.2108	8195	0.0	12	-0.6366	1.4484	0.2300	0.2444	0.0170	0.0190	180	60	0.001	3	1500	0.1	97860
35154	59.3425	18.1413	8195	0.0	1	-0.5640	1.2620	0.1785	0.2598	0.0167	0.0175	180	60	0.001	3	1500	0.1	167130
35154	59.3425	18.1413	8195	0.0	2	-0.5730	1.2020	0.0838	0.2279	0.0790	0.0800	180	60	0.001	3	1500	0.1	155579
35154	59.3425	18.1413	8195	0.0	3	-0.6000	0.9280	0.0050	0.2086	0.0142	0.0150	180	60	0.001	3	1500	0.1	172618
35154	59.3425	18.1413	8195	0.0	4	-0.5350	0.8220	0.0017	0.1528	0.0242	0.0250	180	60	0.001	3	1500	0.1	166997
35154	59.3425	18.1413	8195	0.0	5	-0.4550	0.4880	-0.0162	0.1172	0.0691	0.0700	180	60	0.001	3	1500	0.1	172577
35154	59.3425	18.1413	8195	0.0	6	-0.3230	0.5530	0.0656	0.1203	0.0641	0.0650	180	60	0.001	3	1500	0.1	166545
35154	59.3425	18.1413	8195	0.0	7	-0.2230	0.5760	0.1368	0.1125	0.0153	0.0160	180	60	0.001	3	1500	0.1	171510
35154	59.3425	18.1413	8195	0.0	8	-0.2710	0.6980	0.1408	0.1232	0.0492	0.0500	180	60	0.001	3	1500	0.1	171405
35154	59.3425	18.1413	8195	0.0	9	-0.3750	0.7570	0.1450	0.1470	0.0192	0.0200	180	60	0.001	3	1500	0.1	166494
35154	59.3425	18.1413	8195	0.0	10	-0.4450	0.9910	0.1273	0.1843	0.0591	0.0600	180	60	0.001	3	1500	0.1	172243
35154	59.3425	18.1413	8195	0.0	11	-0.4580	0.8960	0.1675	0.1983	0.0890	0.0900	180	60	0.001	3	1500	0.1	166577
35154	59.3425	18.1413	8195	0.0	12	-0.5710	1.0290	0.2231	0.2209	0.0590	0.0600	180	60	0.001	3	1500	0.1	172069
2069	59.3242	18.0817	8195	0.0	1	-0.5606	1.2654	0.1819	0.2598	0.0167	0.0175	180	60	0.001	3	1500	0.1	167130
2069	59.3242	18.0817	8195	0.0	2	-0.5696	1.2054	0.0872	0.2279	0.0241	0.0250	180	60	0.001	3	1500	0.1	155579
2069	59.3242	18.0817	8195	0.0	3	-0.5966	0.9314	0.0084	0.2086	0.0142	0.0150	180	60	0.001	3	1500	0.1	172618
2069	59.3242	18.0817	8195	0.0	4	-0.5316	0.8254	0.0051	0.1528	0.0152	0.0160	180	60	0.001	3	1500	0.1	166997
2069	59.3242	18.0817	8195	0.0	5	-0.4516	0.4914	-0.0128	0.1172	0.0152	0.0160	180	60	0.001	3	1500	0.1	172577
2069	59.3242	18.0817	8195	0.0	6	-0.3196	0.5564	0.0690	0.1203	0.0153	0.0160	180	60	0.001	3	1500	0.1	166545
2069	59.3242	18.0817	8195	0.0	7	-0.2196	0.5794	0.1402	0.1125	0.0153	0.0160	180	60	0.001	3	1500	0.1	171510
2069	59.3242	18.0817	8195	0.0	8	-0.2676	0.7014	0.1442	0.1232	0.0163	0.0170	180	60	0.001	3	1500	0.1	171405
2069	59.3242	18.0817	8195	0.0	9	-0.3716	0.7604	0.1484	0.1470	0.0162	0.0170	180	60	0.001	3	1500	0.1	166494
2069	59.3242	18.0817	8195	0.0	10	-0.4416	0.9944	0.1307	0.1843	0.0192	0.0200	180	60	0.001	3	1500	0.1	172243
2069	59.3242	18.0817	8195	0.0	11	-0.4546	0.8994	0.1709	0.1983	0.0132	0.0140	180	60	0.001	3	1500	0.1	166577
2069	59.3242	18.0817	8195	0.0	12	-0.5676	1.0324	0.2265	0.2209	0.0141	0.0150	180	60	0.001	3	1500	0.1	172069
35113	58.9172	17.9730	8195	0.0	1	-0.4800	0.9560	0.1853	0.2927	0.0438	0.0480	180	60	0.001	3	1500	0.1	76615
35113	58.9172	17.9730	8195	0.0	2	-0.3950	0.6730	0.0471	0.2195	0.0717	0.0755	180	60	0.001	3	1500	0.1	69966
35113	58.9172	17.9730	8195	0.0	3	-0.5160	0.6570	-0.0066	0.1985	0.0497	0.0530	180	60	0.001	3	1500	0.1	76127
35113	58.9172	17.9730	8195	0.0	4	-0.4200	0.3600	-0.0039	0.1371	0.0661	0.0690	180	60	0.001	3	1500	0.1	73118
35113	58.9172	17.9730	8195	0.0	5	-0.3090	0.3510	-0.0209	0.1031	0.0426	0.0450	180	60	0.001	3	1500	0.1	74857
35113	58.9172	17.9730	8195	0.0	6	-0.3220	0.3730	0.0625	0.1123	0.0575	0.0600	180	60	0.001	3	1500	0.1	72777
35113	58.9172	17.9730	8195	0.0	7	-0.1630	0.4200	0.1227	0.1040	0.0400	0.0420	180	60	0.001	3	1500	0.1	77616
35113	58.9172	17.9730	8195	0.0	8	-0.2160	0.4270	0.1278	0.0985	0.0597	0.0620	180	60	0.001	3	1500	0.1	82582
35113	58.9172	17.9730	8195	0.0	9	-0.2390	0.4770	0.1488	0.1363	0.0479	0.0510	180	60	0.001	3	1500	0.1	85507
35113	58.9172	17.9730	8195	0.0	10	-0.3770	0.6610	0.0923	0.1822	0.0692	0.0730	180	60	0.001	3	1500	0.1	76709
35113	58.9172	17.9730	8195	0.0	11	-0.3090	0.6000	0.1766	0.1872	0.0836	0.0880	180	60	0.001	3	1500	0.1	74346
35113	58.9172	17.9730	8195	0.0	12	-0.4530	0.7190	0.2429	0.2122	0.0716	0.0760	180	60	0.001	3	1500	0.1	78527
2507	58.7689	17.8589	8195	0.0	1	-0.4618	0.9742	0.2035	0.2927	0.0438	0.0480	180	60	0.001	3	1500	0.1	76615
2507	58.7689	17.8589	8195	0.0	2	-0.3768	0.6912	0.0653	0.2195	0.0414	0.0450	180	60	0.001	3	1500	0.1	69966
2507	58.7689	17.8589	8195	0.0	3	-0.4978	0.6752	0.0116	0.1985	0.0358	0.0390	180	60	0.001	3	1500	0.1	76127
2507	58.7689	17.8589	8195	0.0	4	-0.4018	0.3782	0.0143	0.1371	0.0328	0.0355	180	60	0.001	3	1500	0.1	73118
2507	58.7689	17.8589	8195	0.0	5	-0.2908	0.3692	-0.0027	0.1031	0.0266	0.0290	180	60	0.001	3	1500	0.1	74857
2507	58.7689	17.8589	8195	0.0	6	-0.3038	0.3912	0.0807	0.1123	0.0336	0.0360	180	60	0.001	3	1500	0.1	72777
2507	58.7689	17.8589	8195	0.0	7	-0.1448	0.4382	0.1409	0.1040	0.0271	0.0290	180	60	0.001	3	1500	0.1	77616
2507	58.7689	17.8589	8195	0.0	8	-0.1978	0.4452	0.1460	0.0985	0.0308	0.0330	180	60	0.001	3	1500	0.1	82582
2507	58.7689	17.8589	8195	0.0	9	-0.2208	0.4952	0.1670	0.1363	0.0309	0.0340	180	60	0.001	3	1500	0.1	85507
2507	58.7689	17.8589	8195	0.0	10	-0.3588	0.6792	0.1105	0.1822	0.0353	0.0390	180	60	0.001	3	1500	0.1	76709
2507	58.7689	17.8589	8195	0.0	11	-0.2908	0.6182	0.1948	0.1872	0.0557	0.0600	180	60	0.001	3	1500	0.1	74346
2507	58.7689	17.8589	8195	0.0	12	-0.4348	0.7372	0.2611	0.2122	0.0507	0.0550	180	60	0.001	3	1500	0.1	78527
2073	58.7500	17.8667	8195	0.0	1	-0.5298	1.0432	0.1318	0.2259	0.0129	0.0133	180	60	0.001	3	1500	0.1	89702
2073	58.7500	17.8667	8195	0.0	2	-0.5608	0.9682	0.0756	0.2298	0.0189	0.0194	180	60	0.001	3	1500	0.1	81592
2073	58.7500	17.8667	8195	0.0	3	-0.6088	0.8442	-0.0165	0.2128	0.0163	0.0167	180	60	0.001	3	1500	0.1	89719
2073	58.7500	17.8667	8195	0.0	4	-0.4918	0.6532	-0.0278	0.1576	0.0177	0.0180	180	60	0.001	3	1500	0.1	87427
2073	58.7500	17.8667	8195	0.0	5	-0.4548	0.4502	-0.0461	0.1183	0.0130	0.0133	180	60	0.001	3	1500	0.1	90301
2073	58.7500	17.8667	8195	0.0	6	-0.3048	0.4592	0.0412	0.1154	0.0041	0.0043	180	60	0.001	3	1500	0.1	87316
2073	58.7500	17.8667	8195	0.0	7	-0.1958	0.7232	0.1365	0.1089	0.0091	0.0093	180	60	0.001	3	1500	0.1	90192
2073	58.7500	17.8667	8195	0.0	8	-0.2638	0.6292	0.1488	0.1254	0.0495	0.0500	180	60	0.001	3	1500	0.1	90154
2073	58.7500	17.8667	8195	0.0	9	-0.3368	0.7402	0.1469	0.1450	0.0087	0.0090	180	60	0.001	3	1500	0.1	86959
2073	58.7500	17.8667	8195	0.0	10	-0.4468	0.9072	0.1333	0.1713	0.0057	0.0060	180	60	0.001	3	1500	0.1	88827
2073	58.7500	17.8667	8195	0.0	11	-0.4168	0.8382	0.1292	0.1912	0.0495	0.0500	180	60	0.001	3	1500	0.1	87397
2073	58.7500	17.8667	8195	0.0	12	-0.4958	0.9902	0.1637	0.2007	0.0068	0.0071	180	60	0.001	3	1500	0.1	90274
35102	58.7400	17.8700	8195	0.0	1	-0.4690	0.9670	0.1963	0.2927	0.0438	0.0480	180	60	0.001	3	1500	0.1	76615
35102	58.7400	17.8700	8195	0.0	2	-0.3840	0.6840	0.0581	0.2195	0.0717	0.0755	180	60	0.001	3	1500	0.1	69966
35102	58.7400	17.8700	8195	0.0	3	-0.5050	0.6680	0.0044	0.1985	0.0497	0.0530	180	60	0.001	3	1500	0.1	76127
35102	58.7400	17.8700	8195	0.0	4	-0.4090	0.3710	0.0071	0.1371	0.0661	0.0690	180	60	0.001	3	1500	0.1	73118
35102	58.7400	17.8700	8195	0.0	5	-0.2980	0.3620	-0.0099	0.1031	0.0426	0.0450	180	60	0.001	3	1500	0.1	74857
35102	58.7400	17.8700	8195	0.0	6	-0.3110	0.3840	0.0735	0.1123	0.0575	0.0600	180	60	0.001	3	1500	0.1	72777
35102	58.7400	17.8700	8195	0.0	7	-0.1520	0.4310	0.1337	0.1040	0.0400	0.0420	180	60	0.001	3	1500	0.1	77616
35102	58.7400	17.8700	8195	0.0	8	-0.2050	0.4380	0.1388	0.0985	0.0597	0.0620	180	60	0.001	3	1500	0.1	82582
35102	58.7400	17.8700	8195	0.0	9	-0.2280	0.4880	0.1598	0.1363	0.0479	0.0510	180	60	0.001	3	1500	0.1	85507
35102	58.7400	17.8700	8195	0.0	10	-0.3660	0.6720	0.1033	0.1822	0.0692	0.0730	180	60	0.001	3	1500	0.1	76709
35102	58.7400	17.8700	8195	0.0	11	-0.2980	0.6110	0.1876	0.1872	0.0836	0.0880	180	60	0.001	3	1500	0.1	74346
35102	58.7400	17.8700	8195	0.0	12	-0.4420	0.7300	0.2539	0.2122	0.0716	0.0760	180	60	0.001	3	1500	0.1	78527
35185	59.1848	17.6428	8195	0.0	1	-0.5710	1.2550	0.1715	0.2598	0.0167	0.0175	180	60	0.001	3	1500	0.1	167130
35185	59.1848	17.6428	8195	0.0	2	-0.5800	1.1950	0.0768	0.2279	0.0790	0.0800	180	60	0.001	3	1500	0.1	155579
35185	59.1848	17.6428	8195	0.0	3	-0.6070	0.9210	-0.0020	0.2086	0.0142	0.0150	180	60	0.001	3	1500	0.1	172618
35185	59.1848	17.6428	8195	0.0	4	-0.5420	0.8150	-0.0053	0.1528	0.0242	0.0250	180	60	0.001	3	1500	0.1	166997
35185	59.1848	17.6428	8195	0.0	5	-0.4620	0.4810	-0.0232	0.1172	0.0691	0.0700	180	60	0.001	3	1500	0.1	172577
35185	59.1848	17.6428	8195	0.0	6	-0.3300	0.5460	0.0586	0.1203	0.0641	0.0650	180	60	0.001	3	1500	0.1	166545
35185	59.1848	17.6428	8195	0.0	7	-0.2300	0.5690	0.1298	0.1125	0.0153	0.0160	180	60	0.001	3	1500	0.1	171510
35185	59.1848	17.6428	8195	0.0	8	-0.2780	0.6910	0.1338	0.1232	0.0492	0.0500	180	60	0.001	3	1500	0.1	171405
35185	59.1848	17.6428	8195	0.0	9	-0.3820	0.7500	0.1380	0.1470	0.0192	0.0200	180	60	0.001	3	1500	0.1	166494
35185	59.1848	17.6428	8195	0.0	10	-0.4520	0.9840	0.1203	0.1843	0.0591	0.0600	180	60	0.001	3	1500	0.1	172243
35185	59.1848	17.6428	8195	0.0	11	-0.4650	0.8890	0.1605	0.1983	0.0890	0.0900	180	60	0.001	3	1500	0.1	166577
35185	59.1848	17.6428	8195	0.0	12	-0.5780	1.0220	0.2161	0.2209	0.0590	0.0600	180	60	0.001	3	1500	0.1	172069
35161	58.6400	17.1200	8195	0.0	1	-0.5830	1.0110	0.1329	0.2729	0.0135	0.0150	180	60	0.001	3	1500	0.1	102630
35161	58.6400	17.1200	8195	0.0	2	-0.5830	0.9410	0.0183	0.2222	0.0476	0.0490	180	60	0.001	3	1500	0.1	93370
35161	58.6400	17.1200	8195	0.0	3	-0.6910	0.7750	-0.0364	0.2090	0.0325	0.0340	180	60	0.001	3	1500	0.1	100774
35161	58.6400	17.1200	8195	0.0	4	-0.4460	0.5350	-0.0404	0.1401	0.0148	0.0160	180	60	0.001	3	1500	0.1	98178
35161	58.6400	17.1200	8195	0.0	5	-0.4090	0.3190	-0.0626	0.1080	0.0221	0.0233	180	60	0.001	3	1500	0.1	105208
35161	58.6400	17.1200	8195	0.0	6	-0.3660	0.4870	0.0204	0.1125	0.0517	0.0530	180	60	0.001	3	1500	0.1	102926
35161	58.6400	17.1200	8195	0.0	7	-0.2210	0.4830	0.0889	0.1085	0.0389	0.0400	180	60	0.001	3	1500	0.1	105675
35161	58.6400	17.1200	8195	0.0	8	-0.3030	0.4520	0.0759	0.1076	0.0248	0.0260	180	60	0.001	3	1500	0.1	107344
35161	58.6400	17.1200	8195	0.0	9	-0.4410	0.5670	0.0879	0.1384	0.0169	0.0180	180	60	0.001	3	1500	0.1	103049
35161	58.6400	17.1200	8195	0.0	10	-0.4630	0.7990	0.0640	0.1678	0.0544	0.0560	180	60	0.001	3	1500	0.1	118741
35161	58.6400	17.1200	8195	0.0	11	-0.5270	0.7910	0.1346	0.1808	0.0511	0.0530	180	60	0.001	3	1500	0.1	113151
35161	58.6400	17.1200	8195	0.0	12	-0.5510	0.7410	0.1827	0.2051	0.0263	0.0280	180	60	0.001	3	1500	0.1	108060
35101	58.6342	16.3248	8195	0.0	1	-0.5530	1.0410	0.1629	0.2729	0.0135	0.0150	180	60	0.001	3	1500	0.1	102630
35101	58.6342	16.3248	8195	0.0	2	-0.5530	0.9710	0.0483	0.2222	0.0476	0.0490	180	60	0.001	3	1500	0.1	93370
35101	58.6342	16.3248	8195	0.0	3	-0.6610	0.8050	-0.0064	0.2090	0.0325	0.0340	180	60	0.001	3	1500	0.1	100774
35101	58.6342	16.3248	8195	0.0	4	-0.4160	0.5650	-0.0104	0.1401	0.0148	0.0160	180	60	0.001	3	1500	0.1	98178
35101	58.6342	16.3248	8195	0.0	5	-0.3790	0.3490	-0.0326	0.1080	0.0221	0.0233	180	60	0.001	3	1500	0.1	105208
35101	58.6342	16.3248	8195	0.0	6	-0.3360	0.5170	0.0504	0.1125	0.0517	0.0530	180	60	0.001	3	1500	0.1	102926
35101	58.6342	16.3248	8195	0.0	7	-0.1910	0.5130	0.1189	0.1085	0.0389	0.0400	180	60	0.001	3	1500	0.1	105675
35101	58.6342	16.3248	8195	0.0	8	-0.2730	0.4820	0.1059	0.1076	0.0248	0.0260	180	60	0.001	3	1500	0.1	107344
35101	58.6342	16.3248	8195	0.0	9	-0.4110	0.5970	0.1179	0.1384	0.0169	0.0180	180	60	0.001	3	1500	0.1	103049
35101	58.6342	16.3248	8195	0.0	10	-0.4330	0.8290	0.0940	0.1678	0.0544	0.0560	180	60	0.001	3	1500	0.1	118741
35101	58.6342	16.3248	8195	0.0	11	-0.4970	0.8210	0.1646	0.1808	0.0511	0.0530	180	60	0.001	3	1500	0.1	113151
35101	58.6342	16.3248	8195	0.0	12	-0.5210	0.7710	0.2127	0.2051	0.0263	0.0280	180	60	0.001	3	1500	0.1	108060
2076	58.5536	16.8372	8195	0.0	1	-0.5260	1.0680	0.1899	0.2729	0.0135	0.0150	180	60	0.001	3	1500	0.1	102630
2076	58.5536	16.8372	8195	0.0	2	-0.5260	0.9980	0.0753	0.2222	0.0126	0.0140	180	60	0.001	3	1500	0.1	93370
2076	58.5536	16.8372	8195	0.0	3	-0.6340	0.8320	0.0206	0.2090	0.0137	0.0150	180	60	0.001	3	1500	0.1	100774
2076	58.5536	16.8372	8195	0.0	4	-0.3890	0.5920	0.0166	0.1401	0.0128	0.0140	180	60	0.001	3	1500	0.1	98178
2076	58.5536	16.8372	8195	0.0	5	-0.3520	0.3760	-0.0056	0.1080	0.0158	0.0170	180	60	0.001	3	1500	0.1	105208
2076	58.5536	16.8372	8195	0.0	6	-0.3090	0.5440	0.0774	0.1125	0.0128	0.0140	180	60	0.001	3	1500	0.1	102926
2076	58.5536	16.8372	8195	0.0	7	-0.1640	0.5400	0.1459	0.1085	0.0119	0.0130	180	60	0.001	3	1500	0.1	105675
2076	58.5536	16.8372	8195	0.0	8	-0.2460	0.5090	0.1329	0.1076	0.0118	0.0130	180	60	0.001	3	1500	0.1	107344
2076	58.5536	16.8372	8195	0.0	9	-0.3840	0.6240	0.1449	0.1384	0.0089	0.0100	180	60	0.001	3	1500	0.1	103049
2076	58.5536	16.8372	8195	0.0	10	-0.4060	0.8560	0.1210	0.1678	0.0175	0.0190	180	60	0.001	3	1500	0.1	118741
2076	58.5536	16.8372	8195	0.0	11	-0.4700	0.8480	0.1916	0.1808	0.0173	0.0190	180	60	0.001	3	1500	0.1	113151
2076	58.5536	16.8372	8195	0.0	12	-0.4940	0.7980	0.2397	0.2051	0.0174	0.0190	180	60	0.001	3	1500	0.1	108060
2545	58.4843	16.9607	8195	0.0	1	-0.5214	1.0726	0.1945	0.2729	0.0135	0.0150	180	60	0.001	3	1500	0.1	102630
2545	58.4843	16.9607	8195	0.0	2	-0.5214	1.0026	0.0799	0.2222	0.0476	0.0490	180	60	0.001	3	1500	0.1	93370
2545	58.4843	16.9607	8195	0.0	3	-0.6294	0.8366	0.0252	0.2090	0.0325	0.0340	180	60	0.001	3	1500	0.1	100774
2545	58.4843	16.9607	8195	0.0	4	-0.3844	0.5966	0.0212	0.1401	0.0148	0.0160	180	60	0.001	3	1500	0.1	98178
2545	58.4843	16.9607	8195	0.0	5	-0.3474	0.3806	-0.0010	0.1080	0.0221	0.0233	180	60	0.001	3	1500	0.1	105208
2545	58.4843	16.9607	8195	0.0	6	-0.3044	0.5486	0.0820	0.1125	0.0517	0.0530	180	60	0.001	3	1500	0.1	102926
2545	58.4843	16.9607	8195	0.0	7	-0.1594	0.5446	0.1505	0.1085	0.0389	0.0400	180	60	0.001	3	1500	0.1	105675
2545	58.4843	16.9607	8195	0.0	8	-0.2414	0.5136	0.1375	0.1076	0.0248	0.0260	180	60	0.001	3	1500	0.1	107344
2545	58.4843	16.9607	8195	0.0	9	-0.3794	0.6286	0.1495	0.1384	0.0169	0.0180	180	60	0.001	3	1500	0.1	103049
2545	58.4843	16.9607	8195	0.0	10	-0.4014	0.8606	0.1256	0.1678	0.0544	0.0560	180	60	0.001	3	1500	0.1	118741
2545	58.4843	16.9607	8195	0.0	11	-0.4654	0.8526	0.1962	0.1808	0.0511	0.0530	180	60	0.001	3	1500	0.1	113151
2545	58.4843	16.9607	8195	0.0	12	-0.4894	0.8026	0.2443	0.2051	0.0263	0.0280	180	60	0.001	3	1500	0.1	108060
35151	57.7473	16.7416	8195	0.0	1	-0.5220	1.0720	0.1939	0.2729	0.0135	0.0150	180	60	0.001	3	1500	0.1	102630
35151	57.7473	16.7416	8195	0.0	2	-0.5220	1.0020	0.0793	0.2222	0.0476	0.0490	180	60	0.001	3	1500	0.1	93370
35151	57.7473	16.7416	8195	0.0	3	-0.6300	0.8360	0.0246	0.2090	0.0325	0.0340	180	60	0.001	3	1500	0.1	100774
35151	57.7473	16.7416	8195	0.0	4	-0.3850	0.5960	0.0206	0.1401	0.0148	0.0160	180	60	0.001	3	1500	0.1	98178
35151	57.7473	16.7416	8195	0.0	5	-0.3480	0.3800	-0.0016	0.1080	0.0221	0.0233	180	60	0.001	3	1500	0.1	105208
35151	57.7473	16.7416	8195	0.0	6	-0.3050	0.5480	0.0814	0.1125	0.0517	0.0530	180	60	0.001	3	1500	0.1	102926
35151	57.7473	16.7416	8195	0.0	7	-0.1600	0.5440	0.1499	0.1085	0.0389	0.0400	180	60	0.001	3	1500	0.1	105675
35151	57.7473	16.7416	8195	0.0	8	-0.2420	0.5130	0.1369	0.1076	0.0248	0.0260	180	60	0.001	3	1500	0.1	107344
35151	57.7473	16.7416	8195	0.0	9	-0.3800	0.6280	0.1489	0.1384	0.0169	0.0180	180	60	0.001	3	1500	0.1	103049
35151	57.7473	16.7416	8195	0.0	10	-0.4020	0.8600	0.1250	0.1678	0.0544	0.0560	180	60	0.001	3	1500	0.1	118741
35151	57.7473	16.7416	8195	0.0	11	-0.4660	0.8520	0.1956	0.1808	0.0511	0.0530	180	60	0.001	3	1500	0.1	113151
35151	57.7473	16.7416	8195	0.0	12	-0.4900	0.8020	0.2437	0.2051	0.0263	0.0280	180	60	0.001	3	1500	0.1	108060
35108	57.6395	18.2850	8195	0.0	1	-0.4950	0.9200	0.1728	0.2196	0.0122	0.0140	180	60	0.001	3	1500	0.1	167681
35108	57.6395	18.2850	8195	0.0	2	-0.5250	0.9000	0.0922	0.2232	0.0381	0.0400	180	60	0.001	3	1500	0.1	152131
35108	57.6395	18.2850	8195	0.0	3	-0.6130	0.8190	0.0342	0.1591	0.0719	0.0740	180	60	0.001	3	1500	0.1	159836
35108	57.6395	18.2850	8195	0.0	4	-0.4780	0.6260	0.0758	0.1317	0.0493	0.0510	180	60	0.001	3	1500	0.1	156855
35108	57.6395	18.2850	8195	0.0	5	-0.3480	0.3630	0.0129	0.0814	0.0792	0.0810	180	60	0.001	3	1500	0.1	165591
35108	57.6395	18.2850	8195	0.0	6	-0.2740	0.4440	0.0858	0.1285	0.0489	0.0510	180	60	0.001	3	1500	0.1	159976
35108	57.6395	18.2850	8195	0.0	7	-0.1730	0.5040	0.1812	0.0931	0.0696	0.0720	180	60	0.001	3	1500	0.1	158945
35108	57.6395	18.2850	8195	0.0	8	-0.2070	0.5620	0.1840	0.1056	0.0592	0.0620	180	60	0.001	3	1500	0.1	164545
35108	57.6395	18.2850	8195	0.0	9	-0.3040	0.6440	0.1486	0.1108	0.0645	0.0670	180	60	0.001	3	1500	0.1	156009
35108	57.6395	18.2850	8195	0.0	10	-0.4080	0.9510	0.0874	0.1926	0.0653	0.0680	180	60	0.001	3	1500	0.1	179020
35108	57.6395	18.2850	8195	0.0	11	-0.3960	0.7400	0.2035	0.1953	0.0696	0.0720	180	60	0.001	3	1500	0.1	201804
35108	57.6395	18.2850	8195	0.0	12	-0.4370	1.0010	0.3242	0.1944	0.0594	0.0620	180	60	0.001	3	1500	0.1	211797
2080	57.6392	18.2844	8195	0.0	1	-0.5054	0.9096	0.1624	0.2196	0.0122	0.0140	180	60	0.001	3	1500	0.1	167681
2080	57.6392	18.2844	8195	0.0	2	-0.5354	0.8896	0.0818	0.2232	0.0133	0.0150	180	60	0.001	3	1500	0.1	152131
2080	57.6392	18.2844	8195	0.0	3	-0.6234	0.8086	0.0238	0.1591	0.0084	0.0100	180	60	0.001	3	1500	0.1	159836
2080	57.6392	18.2844	8195	0.0	4	-0.4884	0.6156	0.0654	0.1317	0.0135	0.0150	180	60	0.001	3	1500	0.1	156855
2080	57.6392	18.2844	8195	0.0	5	-0.3584	0.3526	0.0025	0.0814	0.0135	0.0150	180	60	0.001	3	1500	0.1	165591
2080	57.6392	18.2844	8195	0.0	6	-0.2844	0.4336	0.0754	0.1285	0.0182	0.0200	180	60	0.001	3	1500	0.1	159976
2080	57.6392	18.2844	8195	0.0	7	-0.1834	0.4936	0.1708	0.0931	0.0180	0.0200	180	60	0.001	3	1500	0.1	158945
2080	57.6392	18.2844	8195	0.0	8	-0.2174	0.5516	0.1736	0.1056	0.0472	0.0500	180	60	0.001	3	1500	0.1	164545
2080	57.6392	18.2844	8195	0.0	9	-0.3144	0.6336	0.1382	0.1108	0.0396	0.0420	180	60	0.001	3	1500	0.1	156009
2080	57.6392	18.2844	8195	0.0	10	-0.4184	0.9406	0.0770	0.1926	0.0464	0.0490	180	60	0.001	3	1500	0.1	179020
2080	57.6392	18.2844	8195	0.0	11	-0.4064	0.7296	0.1931	0.1953	0.0377	0.0400	180	60	0.001	3	1500	0.1	201804
2080	57.6392	18.2844	8195	0.0	12	-0.4474	0.9906	0.3138	0.1944	0.0464	0.0490	180	60	0.001	3	1500	0.1	211797
35114	57.7060	18.8100	8195	0.0	1	-0.5090	0.9060	0.1588	0.2196	0.0122	0.0140	180	60	0.001	3	1500	0.1	167681
35114	57.7060	18.8100	8195	0.0	2	-0.5390	0.8860	0.0782	0.2232	0.0381	0.0400	180	60	0.001	3	1500	0.1	152131
35114	57.7060	18.8100	8195	0.0	3	-0.6270	0.8050	0.0202	0.1591	0.0719	0.0740	180	60	0.001	3	1500	0.1	159836
35114	57.7060	18.8100	8195	0.0	4	-0.4920	0.6120	0.0618	0.1317	0.0493	0.0510	180	60	0.001	3	1500	0.1	156855
35114	57.7060	18.8100	8195	0.0	5	-0.3620	0.3490	-0.0011	0.0814	0.0792	0.0810	180	60	0.001	3	1500	0.1	165591
35114	57.7060	18.8100	8195	0.0	6	-0.2880	0.4300	0.0718	0.1285	0.0489	0.0510	180	60	0.001	3	1500	0.1	159976
35114	57.7060	18.8100	8195	0.0	7	-0.1870	0.4900	0.1672	0.0931	0.0696	0.0720	180	60	0.001	3	1500	0.1	158945
35114	57.7060	18.8100	8195	0.0	8	-0.2210	0.5480	0.1700	0.1056	0.0592	0.0620	180	60	0.001	3	1500	0.1	164545
35114	57.7060	18.8100	8195	0.0	9	-0.3180	0.6300	0.1346	0.1108	0.0645	0.0670	180	60	0.001	3	1500	0.1	156009
35114	57.7060	18.8100	8195	0.0	10	-0.4220	0.9370	0.0734	0.1926	0.0653	0.0680	180	60	0.001	3	1500	0.1	179020
35114	57.7060	18.8100	8195	0.0	11	-0.4100	0.7260	0.1895	0.1953	0.0696	0.0720	180	60	0.001	3	1500	0.1	201804
35114	57.7060	18.8100	8195	0.0	12	-0.4510	0.9870	0.3102	0.1944	0.0594	0.0620	180	60	0.001	3	1500	0.1	211797
35200	57.4092	16.6759	8195	0.0	1	-0.5750	1.2770	0.1428	0.3028	0.0388	0.0420	180	60	0.001	3	1500	0.1	131625
35200	57.4092	16.6759	8195	0.0	2	-0.6180	1.1090	0.0716	0.2192	0.0455	0.0490	180	60	0.001	3	1500	0.1	120296
35200	57.4092	16.6759	8195	0.0	3	-0.7020	0.9560	0.0450	0.2091	0.0399	0.0430	180	60	0.001	3	1500	0.1	113255
35200	57.4092	16.6759	8195	0.0	4	-0.4700	0.7330	0.0401	0.1442	0.0422	0.0450	180	60	0.001	3	1500	0.1	109114
35200	57.4092	16.6759	8195	0.0	5	-0.4200	0.4510	0.0172	0.1078	0.0364	0.0390	180	60	0.001	3	1500	0.1	109691
35200	57.4092	16.6759	8195	0.0	6	-0.2870	0.7270	0.0974	0.1162	0.0323	0.0350	180	60	0.001	3	1500	0.1	113416
35200	57.4092	16.6759	8195	0.0	7	-0.2120	0.5370	0.1647	0.1083	0.0416	0.0450	180	60	0.001	3	1500	0.1	122950
35200	57.4092	16.6759	8195	0.0	8	-0.2370	0.6470	0.1527	0.1117	0.0425	0.0460	180	60	0.001	3	1500	0.1	120750
35200	57.4092	16.6759	8195	0.0	9	-0.4150	0.7070	0.1667	0.1426	0.0518	0.0550	180	60	0.001	3	1500	0.1	115514
35200	57.4092	16.6759	8195	0.0	10	-0.4280	0.9700	0.1372	0.1815	0.0418	0.0450	180	60	0.001	3	1500	0.1	121247
35200	57.4092	16.6759	8195	0.0	11	-0.6350	1.1090	0.2108	0.2013	0.0408	0.0440	180	60	0.001	3	1500	0.1	116176
35200	57.4092	16.6759	8195	0.0	12	-0.4820	1.0070	0.2515	0.2054	0.0440	0.0470	180	60	0.001	3	1500	0.1	120648
2083	57.3661	17.0972	8195	0.0	1	-0.5214	1.4836	0.2398	0.2657	0.0102	0.0110	180	60	0.001	3	1500	0.1	75697
2083	57.3661	17.0972	8195	0.0	2	-0.5924	1.3056	0.1160	0.2341	0.0053	0.0060	180	60	0.001	3	1500	0.1	68770
2083	57.3661	17.0972	8195	0.0	3	-0.4984	1.0246	0.0536	0.2109	0.0094	0.0100	180	60	0.001	3	1500	0.1	75781
2083	57.3661	17.0972	8195	0.0	4	-0.4644	1.0496	0.0535	0.1529	0.0051	0.0057	180	60	0.001	3	1500	0.1	70528
2083	57.3661	17.0972	8195	0.0	5	-0.3824	0.6416	0.0266	0.1048	0.0094	0.0100	180	60	0.001	3	1500	0.1	73313
2083	57.3661	17.0972	8195	0.0	6	-0.2754	0.6236	0.0990	0.1157	0.0051	0.0057	180	60	0.001	3	1500	0.1	69498
2083	57.3661	17.0972	8195	0.0	7	-0.1634	0.7816	0.1763	0.1069	0.0048	0.0053	180	60	0.001	3	1500	0.1	72914
2083	57.3661	17.0972	8195	0.0	8	-0.1914	1.1806	0.1666	0.1170	0.0087	0.0093	180	60	0.001	3	1500	0.1	77769
2083	57.3661	17.0972	8195	0.0	9	-0.3284	1.1496	0.1849	0.1449	0.0144	0.0150	180	60	0.001	3	1500	0.1	72330
2083	57.3661	17.0972	8195	0.0	10	-0.3924	1.0916	0.1504	0.1953	0.0103	0.0110	180	60	0.001	3	1500	0.1	82336
2083	57.3661	17.0972	8195	0.0	11	-0.5284	1.4366	0.2780	0.2118	0.0121	0.0140	180	60	0.001	3	1500	0.1	119512
2083	57.3661	17.0972	8195	0.0	12	-0.4614	1.2916	0.3398	0.2174	0.0039	0.0060	180	60	0.001	3	1500	0.1	125702
2085	57.2750	16.4781	8195	0.0	1	-0.5740	1.2780	0.1438	0.3028	0.0388	0.0420	180	60	0.001	3	1500	0.1	131625
2085	57.2750	16.4781	8195	0.0	2	-0.6170	1.1100	0.0726	0.2192	0.0405	0.0440	180	60	0.001	3	1500	0.1	120296
2085	57.2750	16.4781	8195	0.0	3	-0.7010	0.9570	0.0460	0.2091	0.0389	0.0420	180	60	0.001	3	1500	0.1	113255
2085	57.2750	16.4781	8195	0.0	4	-0.4690	0.7340	0.0411	0.1442	0.0362	0.0390	180	60	0.001	3	1500	0.1	109114
2085	57.2750	16.4781	8195	0.0	5	-0.4190	0.4520	0.0182	0.1078	0.0304	0.0330	180	60	0.001	3	1500	0.1	109691
2085	57.2750	16.4781	8195	0.0	6	-0.2860	0.7280	0.0984	0.1162	0.0323	0.0350	180	60	0.001	3	1500	0.1	113416
2085	57.2750	16.4781	8195	0.0	7	-0.2110	0.5380	0.1657	0.1083	0.0366	0.0400	180	60	0.001	3	1500	0.1	122950
2085	57.2750	16.4781	8195	0.0	8	-0.2360	0.6480	0.1537	0.1117	0.0425	0.0460	180	60	0.001	3	1500	0.1	120750
2085	57.2750	16.4781	8195	0.0	9	-0.4140	0.7080	0.1677	0.1426	0.0408	0.0440	180	60	0.001	3	1500	0.1	115514
2085	57.2750	16.4781	8195	0.0	10	-0.4270	0.9710	0.1382	0.1815	0.0369	0.0400	180	60	0.001	3	1500	0.1	121247
2085	57.2750	16.4781	8195	0.0	11	-0.6340	1.1100	0.2118	0.2013	0.0408	0.0440	180	60	0.001	3	1500	0.1	116176
2085	57.2750	16.4781	8195	0.0	12	-0.4810	1.0080	0.2525	0.2054	0.0400	0.0430	180	60	0.001	3	1500	0.1	120648
35105	56.6713	16.3888	8195	0.0	1	-0.5690	1.2830	0.1488	0.3028	0.0388	0.0420	180	60	0.001	3	1500	0.1	131625
35105	56.6713	16.3888	8195	0.0	2	-0.6120	1.1150	0.0776	0.2192	0.0455	0.0490	180	60	0.001	3	1500	0.1	120296
35105	56.6713	16.3888	8195	0.0	3	-0.6960	0.9620	0.0510	0.2091	0.0399	0.0430	180	60	0.001	3	1500	0.1	113255
35105	56.6713	16.3888	8195	0.0	4	-0.4640	0.7390	0.0461	0.1442	0.0422	0.0450	180	60	0.001	3	1500	0.1	109114
35105	56.6713	16.3888	8195	0.0	5	-0.4140	0.4570	0.0232	0.1078	0.0364	0.0390	180	60	0.001	3	1500	0.1	109691
35105	56.6713	16.3888	8195	0.0	6	-0.2810	0.7330	0.1034	0.1162	0.0323	0.0350	180	60	0.001	3	1500	0.1	113416
35105	56.6713	16.3888	8195	0.0	7	-0.2060	0.5430	0.1707	0.1083	0.0416	0.0450	180	60	0.001	3	1500	0.1	122950
35105	56.6713	16.3888	8195	0.0	8	-0.2310	0.6530	0.1587	0.1117	0.0425	0.0460	180	60	0.001	3	1500	0.1	120750
35105	56.6713	16.3888	8195	0.0	9	-0.4090	0.7130	0.1727	0.1426	0.0518	0.0550	180	60	0.001	3	1500	0.1	115514
35105	56.6713	16.3888	8195	0.0	10	-0.4220	0.9760	0.1432	0.1815	0.0418	0.0450	180	60	0.001	3	1500	0.1	121247
35105	56.6713	16.3888	8195	0.0	11	-0.6290	1.1150	0.2168	0.2013	0.0408	0.0440	180	60	0.001	3	1500	0.1	116176
35105	56.6713	16.3888	8195	0.0	12	-0.4760	1.0130	0.2575	0.2054	0.0440	0.0470	180	60	0.001	3	1500	0.1	120648
2088	56.1053	15.5894	8195	0.0	1	-0.7532	1.4608	0.1864	0.2599	0.0333	0.0360	180	60	0.001	3	1500	0.1	175350
2088	56.1053	15.5894	8195	0.0	2	-0.7712	1.2358	0.1230	0.2242	0.0315	0.0340	180	60	0.001	3	1500	0.1	158805
2088	56.1053	15.5894	8195	0.0	3	-0.6932	1.0678	0.0549	0.2080	0.0237	0.0260	180	60	0.001	3	1500	0.1	174566
2088	56.1053	15.5894	8195	0.0	4	-0.5422	0.9988	0.0559	0.1537	0.0359	0.0380	180	60	0.001	3	1500	0.1	168282
2088	56.1053	15.5894	8195	0.0	5	-0.4292	0.5198	0.0441	0.1150	0.0378	0.0400	180	60	0.001	3	1500	0.1	173027
2088	56.1053	15.5894	8195	0.0	6	-0.3702	0.5628	0.1126	0.1157	0.0428	0.0450	180	60	0.001	3	1500	0.1	166826
2088	56.1053	15.5894	8195	0.0	7	-0.3512	0.6078	0.1844	0.1054	0.0489	0.0510	180	60	0.001	3	1500	0.1	171784
2088	56.1053	15.5894	8195	0.0	8	-0.3762	0.6588	0.1849	0.1194	0.0319	0.0340	180	60	0.001	3	1500	0.1	172010
2088	56.1053	15.5894	8195	0.0	9	-0.5882	1.0378	0.1901	0.1503	0.0260	0.0280	180	60	0.001	3	1500	0.1	166769
2088	56.1053	15.5894	8195	0.0	10	-0.6772	1.1158	0.1744	0.1896	0.0386	0.0410	180	60	0.001	3	1500	0.1	173452
2088	56.1053	15.5894	8195	0.0	11	-0.7602	1.2198	0.1945	0.2171	0.0432	0.0460	180	60	0.001	3	1500	0.1	169176
2088	56.1053	15.5894	8195	0.0	12	-0.8022	1.3008	0.2203	0.2297	0.0312	0.0340	180	60	0.001	3	1500	0.1	179202
35131	56.1542	14.8212	8195	0.0	1	-0.7470	1.4670	0.1926	0.2599	0.0333	0.0360	180	60	0.001	3	1500	0.1	175350
35131	56.1542	14.8212	8195	0.0	2	-0.7650	1.2420	0.1292	0.2242	0.0355	0.0380	180	60	0.001	3	1500	0.1	158805
35131	56.1542	14.8212	8195	0.0	3	-0.6870	1.0740	0.0611	0.2080	0.0237	0.0260	180	60	0.001	3	1500	0.1	174566
35131	56.1542	14.8212	8195	0.0	4	-0.5360	1.0050	0.0621	0.1537	0.0428	0.0450	180	60	0.001	3	1500	0.1	168282
35131	56.1542	14.8212	8195	0.0	5	-0.4230	0.5260	0.0503	0.1150	0.0408	0.0430	180	60	0.001	3	1500	0.1	173027
35131	56.1542	14.8212	8195	0.0	6	-0.3640	0.5690	0.1188	0.1157	0.0478	0.0500	180	60	0.001	3	1500	0.1	166826
35131	56.1542	14.8212	8195	0.0	7	-0.3450	0.6140	0.1906	0.1054	0.0678	0.0700	180	60	0.001	3	1500	0.1	171784
35131	56.1542	14.8212	8195	0.0	8	-0.3700	0.6650	0.1911	0.1194	0.0499	0.0520	180	60	0.001	3	1500	0.1	172010
35131	56.1542	14.8212	8195	0.0	9	-0.5820	1.0440	0.1963	0.1503	0.0440	0.0460	180	60	0.001	3	1500	0.1	166769
35131	56.1542	14.8212	8195	0.0	10	-0.6710	1.1220	0.1806	0.1896	0.0526	0.0550	180	60	0.001	3	1500	0.1	173452
35131	56.1542	14.8212	8195	0.0	11	-0.7540	1.2260	0.2007	0.2171	0.0662	0.0690	180	60	0.001	3	1500	0.1	169176
35131	56.1542	14.8212	8195	0.0	12	-0.7960	1.3070	0.2265	0.2297	0.0361	0.0390	180	60	0.001	3	1500	0.1	179202
2543	55.9284	14.3286	8195	0.0	1	-0.7313	1.2487	0.3362	0.2868	0.0875	0.1000	180	60	0.001	3	1500	0.1	87558
2543	55.9284	14.3286	8195	0.0	2	-0.7253	1.0137	0.1023	0.2440	0.0865	0.1000	180	60	0.001	3	1500	0.1	80755
2543	55.9284	14.3286	8195	0.0	3	-0.6183	0.7467	0.0859	0.2037	0.0881	0.0970	180	60	0.001	3	1500	0.1	87400
2543	55.9284	14.3286	8195	0.0	4	-0.2553	0.6357	0.2294	0.1122	0.0907	0.0970	180	60	0.001	3	1500	0.1	86270
2543	55.9284	14.3286	8195	0.0	5	-0.2813	0.3877	0.0810	0.1060	0.0906	0.0960	180	60	0.001	3	1500	0.1	85226
2543	55.9284	14.3286	8195	0.0	6	-0.0403	0.4397	0.2279	0.0762	0.0913	0.0980	180	60	0.001	3	1500	0.1	42010
2543	55.9284	14.3286	8195	0.0	7	0.0127	0.5737	0.2486	0.1043	0.0907	0.0980	180	60	0.001	3	1500	0.1	42939
2543	55.9284	14.3286	8195	0.0	8	-0.1653	0.4997	0.2086	0.1209	0.0923	0.0990	180	60	0.001	3	1500	0.1	44130
2543	55.9284	14.3286	8195	0.0	9	-0.1743	0.5937	0.2712	0.1359	0.0847	0.0900	180	60	0.001	3	1500	0.1	41410
2543	55.9284	14.3286	8195	0.0	10	-0.0583	0.7727	0.3261	0.1627	0.0876	0.0990	180	60	0.001	3	1500	0.1	42739
2543	55.9284	14.3286	8195	0.0	11	-1.0363	0.6147	0.0764	0.1897	0.0890	0.0960	180	60	0.001	3	1500	0.1	42418
2543	55.9284	14.3286	8195	0.0	12	-0.4193	1.0227	0.3382	0.2371	0.0839	0.0970	180	60	0.001	3	1500	0.1	65094
2320	55.5575	14.3578	8195	0.0	1	-0.9661	1.3839	0.2265	0.2796	0.0272	0.0310	180	60	0.001	3	1500	0.1	99519
2320	55.5575	14.3578	8195	0.0	2	-0.9801	1.1499	0.1389	0.2345	0.0306	0.0340	180	60	0.001	3	1500	0.1	90517
2320	55.5575	14.3578	8195	0.0	3	-0.6941	0.9849	0.0947	0.2137	0.0316	0.0350	180	60	0.001	3	1500	0.1	99538
2320	55.5575	14.3578	8195	0.0	4	-0.4811	1.0889	0.0919	0.1482	0.0371	0.0400	180	60	0.001	3	1500	0.1	96254
2320	55.5575	14.3578	8195	0.0	5	-0.3761	0.5199	0.0746	0.1105	0.0388	0.0420	180	60	0.001	3	1500	0.1	99202
2320	55.5575	14.3578	8195	0.0	6	-0.4481	0.6369	0.1304	0.1169	0.0430	0.0460	180	60	0.001	3	1500	0.1	95953
2320	55.5575	14.3578	8195	0.0	7	-0.3611	0.6559	0.1904	0.1087	0.0360	0.0390	180	60	0.001	3	1500	0.1	103278
2320	55.5575	14.3578	8195	0.0	8	-0.3141	0.7909	0.1848	0.1212	0.0368	0.0400	180	60	0.001	3	1500	0.1	105320
2320	55.5575	14.3578	8195	0.0	9	-0.5691	1.0599	0.2001	0.1591	0.0230	0.0260	180	60	0.001	3	1500	0.1	102389
2320	55.5575	14.3578	8195	0.0	10	-0.8491	1.0159	0.1730	0.2039	0.0383	0.0420	180	60	0.001	3	1500	0.1	105885
2320	55.5575	14.3578	8195	0.0	11	-0.8651	1.2559	0.2289	0.2260	0.0373	0.0412	180	60	0.001	3	1500	0.1	102359
2320	55.5575	14.3578	8195	0.0	12	-1.1321	1.0459	0.2527	0.2280	0.0252	0.0290	180	60	0.001	3	1500	0.1	105501
2093	55.4167	13.8167	8195	0.0	1	-1.1084	1.6736	0.1744	0.2584	0.0117	0.0125	180	60	0.001	3	1500	0.1	74507
2093	55.4167	13.8167	8195	0.0	2	-0.9434	1.3176	0.1478	0.2446	0.0064	0.0072	180	60	0.001	3	1500	0.1	67775
2093	55.4167	13.8167	8195	0.0	3	-0.9604	1.3156	0.0720	0.2142	0.0082	0.0088	180	60	0.001	3	1500	0.1	74400
2093	55.4167	13.8167	8195	0.0	4	-0.7984	1.0736	0.0816	0.1686	0.0043	0.0048	180	60	0.001	3	1500	0.1	72000
2093	55.4167	13.8167	8195	0.0	5	-0.6314	0.6596	0.0769	0.1304	0.0160	0.0165	180	60	0.001	3	1500	0.1	74400
2093	55.4167	13.8167	8195	0.0	6	-1.0494	0.7376	0.1263	0.1241	0.0166	0.0172	180	60	0.001	3	1500	0.1	72000
2093	55.4167	13.8167	8195	0.0	7	-0.4744	1.0276	0.2095	0.1167	0.0970	0.1000	180	60	0.001	3	1500	0.1	74468
2093	55.4167	13.8167	8195	0.0	8	-0.5664	0.8386	0.2199	0.1399	0.0042	0.0047	180	60	0.001	3	1500	0.1	74400
2093	55.4167	13.8167	8195	0.0	9	-0.9104	1.1776	0.2243	0.1703	0.0066	0.0072	180	60	0.001	3	1500	0.1	72000
2093	55.4167	13.8167	8195	0.0	10	-1.1294	1.4406	0.2141	0.2048	0.0169	0.0177	180	60	0.001	3	1500	0.1	74401
2093	55.4167	13.8167	8195	0.0	11	-1.0484	1.1856	0.1902	0.2505	0.0082	0.0090	180	60	0.001	3	1500	0.1	72720
2093	55.4167	13.8167	8195	0.0	12	-1.2674	1.8416	0.2180	0.2512	0.0127	0.0135	180	60	0.001	3	1500	0.1	75145
35159	55.4227	13.8255	8195	0.0	1	-0.9684	1.3816	0.2242	0.2796	0.0272	0.0310	180	60	0.001	3	1500	0.1	99519
35159	55.4227	13.8255	8195	0.0	2	-0.9824	1.1476	0.1366	0.2345	0.0356	0.0390	180	60	0.001	3	1500	0.1	90517
35159	55.4227	13.8255	8195	0.0	3	-0.6964	0.9826	0.0924	0.2137	0.0456	0.0490	180	60	0.001	3	1500	0.1	99538
35159	55.4227	13.8255	8195	0.0	4	-0.4834	1.0866	0.0896	0.1482	0.0411	0.0440	180	60	0.001	3	1500	0.1	96254
35159	55.4227	13.8255	8195	0.0	5	-0.3784	0.5176	0.0723	0.1105	0.0448	0.0480	180	60	0.001	3	1500	0.1	99202
35159	55.4227	13.8255	8195	0.0	6	-0.4504	0.6346	0.1281	0.1169	0.0829	0.0860	180	60	0.001	3	1500	0.1	95953
35159	55.4227	13.8255	8195	0.0	7	-0.3634	0.6536	0.1881	0.1087	0.0510	0.0540	180	60	0.001	3	1500	0.1	103278
35159	55.4227	13.8255	8195	0.0	8	-0.3164	0.7886	0.1825	0.1212	0.0407	0.0440	180	60	0.001	3	1500	0.1	105320
35159	55.4227	13.8255	8195	0.0	9	-0.5714	1.0576	0.1978	0.1591	0.0320	0.0350	180	60	0.001	3	1500	0.1	102389
35159	55.4227	13.8255	8195	0.0	10	-0.8514	1.0136	0.1707	0.2039	0.0463	0.0500	180	60	0.001	3	1500	0.1	105885
35159	55.4227	13.8255	8195	0.0	11	-0.8674	1.2536	0.2266	0.2260	0.0373	0.0412	180	60	0.001	3	1500	0.1	102359
35159	55.4227	13.8255	8195	0.0	12	-1.1344	1.0436	0.2504	0.2280	0.0422	0.0460	180	60	0.001	3	1500	0.1	105501
30488	55.4167	12.8294	8195	0.0	1	-1.3574	1.6916	0.1930	0.3176	0.0517	0.0570	180	60	0.001	3	1500	0.1	89101
30488	55.4167	12.8294	8195	0.0	2	-1.2914	1.3806	0.1555	0.2502	0.0509	0.0550	180	60	0.001	3	1500	0.1	83110
30488	55.4167	12.8294	8195	0.0	3	-1.0544	1.1436	0.1166	0.2285	0.0451	0.0490	180	60	0.001	3	1500	0.1	89764
30488	55.4167	12.8294	8195	0.0	4	-0.6294	1.4776	0.1196	0.1613	0.0605	0.0640	180	60	0.001	3	1500	0.1	85672
30488	55.4167	12.8294	8195	0.0	5	-0.5094	0.7826	0.1076	0.1327	0.0551	0.0590	180	60	0.001	3	1500	0.1	91757
30488	55.4167	12.8294	8195	0.0	6	-0.7534	0.7806	0.1557	0.1355	0.0839	0.0880	180	60	0.001	3	1500	0.1	90397
30488	55.4167	12.8294	8195	0.0	7	-0.5324	0.6696	0.2164	0.1219	0.0523	0.0560	180	60	0.001	3	1500	0.1	94209
30488	55.4167	12.8294	8195	0.0	8	-0.6484	0.8896	0.2125	0.1396	0.0613	0.0660	180	60	0.001	3	1500	0.1	97677
30488	55.4167	12.8294	8195	0.0	9	-0.8304	0.9406	0.2239	0.1837	0.0506	0.0540	180	60	0.001	3	1500	0.1	90954
30488	55.4167	12.8294	8195	0.0	10	-1.0614	1.1106	0.1871	0.2247	0.0444	0.0485	180	60	0.001	3	1500	0.1	95899
30488	55.4167	12.8294	8195	0.0	11	-1.3454	1.4146	0.2290	0.2576	0.0452	0.0496	180	60	0.001	3	1500	0.1	88860
30488	55.4167	12.8294	8195	0.0	12	-1.4244	1.3446	0.2383	0.2591	0.0554	0.0600	180	60	0.001	3	1500	0.1	97060
2095	55.5222	12.8936	8195	0.0	1	-0.8828	1.5852	0.1779	0.2509	0.0083	0.0094	180	60	0.001	3	1500	0.1	134392
2095	55.5222	12.8936	8195	0.0	2	-0.8178	1.4692	0.1162	0.2178	0.0129	0.0139	180	60	0.001	3	1500	0.1	123501
2095	55.5222	12.8936	8195	0.0	3	-0.8818	1.2162	0.0603	0.2022	0.0091	0.0100	180	60	0.001	3	1500	0.1	139922
2095	55.5222	12.8936	8195	0.0	4	-0.5548	1.3712	0.0748	0.1530	0.0085	0.0093	180	60	0.001	3	1500	0.1	138085
2095	55.5222	12.8936	8195	0.0	5	-0.4928	0.7212	0.0673	0.1200	0.0072	0.0080	180	60	0.001	3	1500	0.1	143029
2095	55.5222	12.8936	8195	0.0	6	-0.3688	0.7802	0.1217	0.1203	0.0119	0.0128	180	60	0.001	3	1500	0.1	138066
2095	55.5222	12.8936	8195	0.0	7	-0.3488	0.6962	0.1868	0.1082	0.0077	0.0086	180	60	0.001	3	1500	0.1	143341
2095	55.5222	12.8936	8195	0.0	8	-0.4068	0.7702	0.1824	0.1213	0.0081	0.0090	180	60	0.001	3	1500	0.1	143061
2095	55.5222	12.8936	8195	0.0	9	-0.6918	1.1802	0.1890	0.1518	0.0169	0.0178	180	60	0.001	3	1500	0.1	138136
2095	55.5222	12.8936	8195	0.0	10	-0.8508	1.3792	0.1726	0.1902	0.0081	0.0091	180	60	0.001	3	1500	0.1	141580
2095	55.5222	12.8936	8195	0.0	11	-0.7738	1.4272	0.1933	0.2152	0.0149	0.0160	180	60	0.001	3	1500	0.1	137601
2095	55.5222	12.8936	8195	0.0	12	-0.8198	1.3922	0.2038	0.2160	0.0184	0.0196	180	60	0.001	3	1500	0.1	143947
35136	55.5610	12.8095	8195	0.0	1	-0.8870	1.5810	0.1737	0.2509	0.0083	0.0094	180	60	0.001	3	1500	0.1	134392
35136	55.5610	12.8095	8195	0.0	2	-0.8220	1.4650	0.1120	0.2178	0.0470	0.0480	180	60	0.001	3	1500	0.1	123501
35136	55.5610	12.8095	8195	0.0	3	-0.8860	1.2120	0.0561	0.2022	0.0103	0.0112	180	60	0.001	3	1500	0.1	139922
35136	55.5610	12.8095	8195	0.0	4	-0.5590	1.3670	0.0706	0.1530	0.0182	0.0190	180	60	0.001	3	1500	0.1	138085
35136	55.5610	12.8095	8195	0.0	5	-0.4970	0.7170	0.0631	0.1200	0.0126	0.0134	180	60	0.001	3	1500	0.1	143029
35136	55.5610	12.8095	8195	0.0	6	-0.3730	0.7760	0.1175	0.1203	0.0441	0.0450	180	60	0.001	3	1500	0.1	138066
35136	55.5610	12.8095	8195	0.0	7	-0.3530	0.6920	0.1826	0.1082	0.0421	0.0430	180	60	0.001	3	1500	0.1	143341
35136	55.5610	12.8095	8195	0.0	8	-0.4110	0.7660	0.1782	0.1213	0.0491	0.0500	180	60	0.001	3	1500	0.1	143061
35136	55.5610	12.8095	8195	0.0	9	-0.6960	1.1760	0.1848	0.1518	0.0491	0.0500	180	60	0.001	3	1500	0.1	138136
35136	55.5610	12.8095	8195	0.0	10	-0.8550	1.3750	0.1684	0.1902	0.0186	0.0196	180	60	0.001	3	1500	0.1	141580
35136	55.5610	12.8095	8195	0.0	11	-0.7780	1.4230	0.1891	0.2152	0.0524	0.0536	180	60	0.001	3	1500	0.1	137601
35136	55.5610	12.8095	8195	0.0	12	-0.8240	1.3880	0.1996	0.2160	0.0421	0.0433	180	60	0.001	3	1500	0.1	143947
35137	55.5894	12.8445	8195	0.0	1	-0.8870	1.5810	0.1737	0.2509	0.0083	0.0094	180	60	0.001	3	1500	0.1	134392
35137	55.5894	12.8445	8195	0.0	2	-0.8220	1.4650	0.1120	0.2178	0.0470	0.0480	180	60	0.001	3	1500	0.1	123501
35137	55.5894	12.8445	8195	0.0	3	-0.8860	1.2120	0.0561	0.2022	0.0103	0.0112	180	60	0.001	3	1500	0.1	139922
35137	55.5894	12.8445	8195	0.0	4	-0.5590	1.3670	0.0706	0.1530	0.0182	0.0190	180	60	0.001	3	1500	0.1	138085
35137	55.5894	12.8445	8195	0.0	5	-0.4970	0.7170	0.0631	0.1200	0.0126	0.0134	180	60	0.001	3	1500	0.1	143029
35137	55.5894	12.8445	8195	0.0	6	-0.3730	0.7760	0.1175	0.1203	0.0441	0.0450	180	60	0.001	3	1500	0.1	138066
35137	55.5894	12.8445	8195	0.0	7	-0.3530	0.6920	0.1826	0.1082	0.0421	0.0430	180	60	0.001	3	1500	0.1	143341
35137	55.5894	12.8445	8195	0.0	8	-0.4110	0.7660	0.1782	0.1213	0.0491	0.0500	180	60	0.001	3	1500	0.1	143061
35137	55.5894	12.8445	8195	0.0	9	-0.6960	1.1760	0.1848	0.1518	0.0491	0.0500	180	60	0.001	3	1500	0.1	138136
35137	55.5894	12.8445	8195	0.0	10	-0.8550	1.3750	0.1684	0.1902	0.0186	0.0196	180	60	0.001	3	1500	0.1	141580
35137	55.5894	12.8445	8195	0.0	11	-0.7780	1.4230	0.1891	0.2152	0.0524	0.0536	180	60	0.001	3	1500	0.1	137601
35137	55.5894	12.8445	8195	0.0	12	-0.8240	1.3880	0.1996	0.2160	0.0421	0.0433	180	60	0.001	3	1500	0.1	143947
35152	55.6257	12.9845	8195	0.0	1	-0.8910	1.5770	0.1697	0.2509	0.0083	0.0094	180	60	0.001	3	1500	0.1	134392
35152	55.6257	12.9845	8195	0.0	2	-0.8260	1.4610	0.1080	0.2178	0.0470	0.0480	180	60	0.001	3	1500	0.1	123501
35152	55.6257	12.9845	8195	0.0	3	-0.8900	1.2080	0.0521	0.2022	0.0103	0.0112	180	60	0.001	3	1500	0.1	139922
35152	55.6257	12.9845	8195	0.0	4	-0.5630	1.3630	0.0666	0.1530	0.0182	0.0190	180	60	0.001	3	1500	0.1	138085
35152	55.6257	12.9845	8195	0.0	5	-0.5010	0.7130	0.0591	0.1200	0.0126	0.0134	180	60	0.001	3	1500	0.1	143029
35152	55.6257	12.9845	8195	0.0	6	-0.3770	0.7720	0.1135	0.1203	0.0441	0.0450	180	60	0.001	3	1500	0.1	138066
35152	55.6257	12.9845	8195	0.0	7	-0.3570	0.6880	0.1786	0.1082	0.0421	0.0430	180	60	0.001	3	1500	0.1	143341
35152	55.6257	12.9845	8195	0.0	8	-0.4150	0.7620	0.1742	0.1213	0.0491	0.0500	180	60	0.001	3	1500	0.1	143061
35152	55.6257	12.9845	8195	0.0	9	-0.7000	1.1720	0.1808	0.1518	0.0491	0.0500	180	60	0.001	3	1500	0.1	138136
35152	55.6257	12.9845	8195	0.0	10	-0.8590	1.3710	0.1644	0.1902	0.0186	0.0196	180	60	0.001	3	1500	0.1	141580
35152	55.6257	12.9845	8195	0.0	11	-0.7820	1.4190	0.1851	0.2152	0.0524	0.0536	180	60	0.001	3	1500	0.1	137601
35152	55.6257	12.9845	8195	0.0	12	-0.8280	1.3840	0.1956	0.2160	0.0421	0.0433	180	60	0.001	3	1500	0.1	143947
2098	55.6167	13.0000	8195	0.0	1	-0.9418	1.2412	0.1383	0.2222	0.0062	0.0072	180	60	0.001	3	1500	0.1	28059
2098	55.6167	13.0000	8195	0.0	2	-0.9828	1.3992	0.1024	0.2328	0.0165	0.0175	180	60	0.001	3	1500	0.1	24848
2098	55.6167	13.0000	8195	0.0	3	-0.7858	1.2542	0.0488	0.1882	0.0042	0.0050	180	60	0.001	3	1500	0.1	27531
2098	55.6167	13.0000	8195	0.0	4	-0.5898	1.2882	0.0741	0.1604	0.0077	0.0085	180	60	0.001	3	1500	0.1	26960
2098	55.6167	13.0000	8195	0.0	5	-0.5158	1.0342	0.0699	0.1148	0.0111	0.0118	180	60	0.001	3	1500	0.1	28274
2098	55.6167	13.0000	8195	0.0	6	-0.8458	1.0472	0.1447	0.1225	0.0144	0.0152	180	60	0.001	3	1500	0.1	27081
2098	55.6167	13.0000	8195	0.0	7	-0.1728	0.9662	0.2216	0.1066	0.0121	0.0128	180	60	0.001	3	1500	0.1	27427
2098	55.6167	13.0000	8195	0.0	8	-0.8388	1.0292	0.2329	0.1255	0.0130	0.0138	180	60	0.001	3	1500	0.1	27383
2098	55.6167	13.0000	8195	0.0	9	-0.8338	1.2722	0.2317	0.1553	0.0077	0.0085	180	60	0.001	3	1500	0.1	25927
2098	55.6167	13.0000	8195	0.0	10	-0.6158	1.3622	0.2313	0.1847	0.0086	0.0095	180	60	0.001	3	1500	0.1	28148
2098	55.6167	13.0000	8195	0.0	11	-1.0838	1.0982	0.1741	0.1990	0.0076	0.0085	180	60	0.001	3	1500	0.1	26825
2098	55.6167	13.0000	8195	0.0	12	-0.8768	1.4162	0.1774	0.2135	0.0063	0.0072	180	60	0.001	3	1500	0.1	27168
2099	55.7564	12.9033	8195	0.0	1	-0.8448	1.3762	0.1547	0.2586	0.0727	0.0790	180	60	0.001	3	1500	0.1	91124
2099	55.7564	12.9033	8195	0.0	2	-0.7258	1.1422	0.0722	0.2043	0.0680	0.0740	180	60	0.001	3	1500	0.1	81271
2099	55.7564	12.9033	8195	0.0	3	-0.7148	1.3092	0.0411	0.1825	0.0727	0.0790	180	60	0.001	3	1500	0.1	90015
2099	55.7564	12.9033	8195	0.0	4	-0.4578	1.0632	0.0540	0.1339	0.0834	0.0900	180	60	0.001	3	1500	0.1	87998
2099	55.7564	12.9033	8195	0.0	5	-0.4048	0.6232	0.0569	0.1143	0.0871	0.0930	180	60	0.001	3	1500	0.1	93093
2099	55.7564	12.9033	8195	0.0	6	-0.2648	0.7752	0.1231	0.1127	0.0855	0.0915	180	60	0.001	3	1500	0.1	93900
2099	55.7564	12.9033	8195	0.0	7	-0.1888	0.6742	0.1704	0.1021	0.0916	0.0973	180	60	0.001	3	1500	0.1	98850
2099	55.7564	12.9033	8195	0.0	8	-0.2738	0.9222	0.1733	0.1049	0.0771	0.0830	180	60	0.001	3	1500	0.1	100353
2099	55.7564	12.9033	8195	0.0	9	-0.4158	0.9902	0.1843	0.1399	0.0648	0.0700	180	60	0.001	3	1500	0.1	94972
2099	55.7564	12.9033	8195	0.0	10	-0.5428	1.1332	0.1497	0.1804	0.0536	0.0590	180	60	0.001	3	1500	0.1	98012
2099	55.7564	12.9033	8195	0.0	11	-0.8528	1.4792	0.2041	0.1975	0.0511	0.0570	180	60	0.001	3	1500	0.1	94384
2099	55.7564	12.9033	8195	0.0	12	-0.7198	1.7072	0.2085	0.2082	0.0603	0.0665	180	60	0.001	3	1500	0.1	96324
35110	56.0412	12.6845	8195	0.0	1	-1.0640	1.5880	0.0976	0.2837	0.0737	0.0810	180	60	0.001	3	1500	0.1	114639
35110	56.0412	12.6845	8195	0.0	2	-0.8630	1.3250	0.0281	0.2323	0.0834	0.0900	180	60	0.001	3	1500	0.1	102664
35110	56.0412	12.6845	8195	0.0	3	-0.8230	1.4370	-0.0088	0.2075	0.0849	0.0910	180	60	0.001	3	1500	0.1	114768
35110	56.0412	12.6845	8195	0.0	4	-0.7420	1.0150	0.0013	0.1511	0.0912	0.0970	180	60	0.001	3	1500	0.1	110700
35110	56.0412	12.6845	8195	0.0	5	-0.4830	0.6540	0.0189	0.1325	0.0754	0.0810	180	60	0.001	3	1500	0.1	114494
35110	56.0412	12.6845	8195	0.0	6	-0.4030	0.7420	0.0898	0.1329	0.0868	0.0930	180	60	0.001	3	1500	0.1	111303
35110	56.0412	12.6845	8195	0.0	7	-0.3630	0.8160	0.1350	0.1184	0.0793	0.0850	180	60	0.001	3	1500	0.1	115903
35110	56.0412	12.6845	8195	0.0	8	-0.3040	0.9950	0.1469	0.1308	0.0789	0.0850	180	60	0.001	3	1500	0.1	115298
35110	56.0412	12.6845	8195	0.0	9	-0.5120	1.1730	0.1542	0.1759	0.0710	0.0770	180	60	0.001	3	1500	0.1	111310
35110	56.0412	12.6845	8195	0.0	10	-0.8640	1.3260	0.1294	0.2222	0.0896	0.0970	180	60	0.001	3	1500	0.1	116945
35110	56.0412	12.6845	8195	0.0	11	-0.8540	1.7400	0.1673	0.2344	0.0911	0.1000	180	60	0.001	3	1500	0.1	114866
35110	56.0412	12.6845	8195	0.0	12	-0.8870	1.7590	0.1588	0.2536	0.0901	0.0980	180	60	0.001	3	1500	0.1	120756
2228	56.1422	12.5792	8195	0.0	1	-1.0690	1.5830	0.0926	0.2837	0.0737	0.0810	180	60	0.001	3	1500	0.1	114639
2228	56.1422	12.5792	8195	0.0	2	-0.8680	1.3200	0.0231	0.2323	0.0834	0.0900	180	60	0.001	3	1500	0.1	102664
2228	56.1422	12.5792	8195	0.0	3	-0.8280	1.4320	-0.0138	0.2075	0.0849	0.0910	180	60	0.001	3	1500	0.1	114768
2228	56.1422	12.5792	8195	0.0	4	-0.7470	1.0100	-0.0037	0.1511	0.0912	0.0970	180	60	0.001	3	1500	0.1	110700
2228	56.1422	12.5792	8195	0.0	5	-0.4880	0.6490	0.0139	0.1325	0.0664	0.0720	180	60	0.001	3	1500	0.1	114494
2228	56.1422	12.5792	8195	0.0	6	-0.4080	0.7370	0.0848	0.1329	0.0868	0.0930	180	60	0.001	3	1500	0.1	111303
2228	56.1422	12.5792	8195	0.0	7	-0.3680	0.8110	0.1300	0.1184	0.0793	0.0850	180	60	0.001	3	1500	0.1	115903
2228	56.1422	12.5792	8195	0.0	8	-0.3090	0.9900	0.1419	0.1308	0.0639	0.0700	180	60	0.001	3	1500	0.1	115298
2228	56.1422	12.5792	8195	0.0	9	-0.5170	1.1680	0.1492	0.1759	0.0710	0.0770	180	60	0.001	3	1500	0.1	111310
2228	56.1422	12.5792	8195	0.0	10	-0.8690	1.3210	0.1244	0.2222	0.0896	0.0970	180	60	0.001	3	1500	0.1	116945
2228	56.1422	12.5792	8195	0.0	11	-0.8590	1.7350	0.1623	0.2344	0.1139	0.1230	180	60	0.001	3	1500	0.1	114866
2228	56.1422	12.5792	8195	0.0	12	-0.8920	1.7540	0.1538	0.2536	0.0901	0.0980	180	60	0.001	3	1500	0.1	120756
2542	56.2980	12.7865	8195	0.0	1	-0.9072	1.4378	0.0472	0.3351	0.0780	0.1000	180	60	0.001	3	1500	0.1	133828
2542	56.2980	12.7865	8195	0.0	2	-0.5872	0.8468	-0.0087	0.2163	0.0892	0.0980	180	60	0.001	3	1500	0.1	121319
2542	56.2980	12.7865	8195	0.0	3	-0.7832	1.2658	-0.0259	0.2294	0.0802	0.1000	180	60	0.001	3	1500	0.1	147260
2542	56.2980	12.7865	8195	0.0	4	-0.4082	0.9888	0.0332	0.1648	0.0835	0.1000	180	60	0.001	3	1500	0.1	159902
2542	56.2980	12.7865	8195	0.0	5	-0.3292	0.7108	0.0205	0.1378	0.0864	0.1000	180	60	0.001	3	1500	0.1	99420
2542	56.2980	12.7865	8195	0.0	6	-0.4132	0.5958	0.1060	0.1263	0.0798	0.1000	180	60	0.001	3	1500	0.1	129521
2542	56.2980	12.7865	8195	0.0	7	-0.1722	0.5038	0.1195	0.1033	0.0846	0.1000	180	60	0.001	3	1500	0.1	133848
2542	56.2980	12.7865	8195	0.0	8	-0.1822	1.0858	0.1483	0.1441	0.0795	0.1000	180	60	0.001	3	1500	0.1	133620
2542	56.2980	12.7865	8195	0.0	9	-0.2362	1.0108	0.2252	0.1866	0.0742	0.1000	180	60	0.001	3	1500	0.1	129430
2542	56.2980	12.7865	8195	0.0	10	-0.6182	1.7298	0.1795	0.2466	0.0749	0.1000	180	60	0.001	3	1500	0.1	114519
2542	56.2980	12.7865	8195	0.0	11	-0.3682	2.2028	0.1938	0.2191	0.0792	0.1000	180	60	0.001	3	1500	0.1	129378
2542	56.2980	12.7865	8195	0.0	12	-0.9572	1.8238	0.2031	0.3120	0.0731	0.1000	180	60	0.001	3	1500	0.1	108341
35115	56.6488	12.8358	8195	0.0	1	-1.0130	1.7080	0.1006	0.2837	0.0212	0.0230	180	60	0.001	3	1500	0.1	102126
35115	56.6488	12.8358	8195	0.0	2	-0.7230	1.3270	0.0262	0.2579	0.0309	0.0330	180	60	0.001	3	1500	0.1	95990
35115	56.6488	12.8358	8195	0.0	3	-0.7090	1.2840	-0.0268	0.2025	0.0207	0.0220	180	60	0.001	3	1500	0.1	102232
35115	56.6488	12.8358	8195	0.0	4	-0.6130	0.7730	-0.0285	0.1386	0.0294	0.0305	180	60	0.001	3	1500	0.1	97180
35115	56.6488	12.8358	8195	0.0	5	-0.4350	0.6650	-0.0193	0.1288	0.0258	0.0270	180	60	0.001	3	1500	0.1	100566
35115	56.6488	12.8358	8195	0.0	6	-0.3310	0.5960	0.0436	0.1223	0.0587	0.0600	180	60	0.001	3	1500	0.1	100668
35115	56.6488	12.8358	8195	0.0	7	-0.2820	0.6390	0.0958	0.1154	0.0089	0.0100	180	60	0.001	3	1500	0.1	107311
35115	56.6488	12.8358	8195	0.0	8	-0.2630	0.7620	0.1149	0.1258	0.0158	0.0170	180	60	0.001	3	1500	0.1	106509
35115	56.6488	12.8358	8195	0.0	9	-0.3760	1.0100	0.1260	0.1700	0.0186	0.0196	180	60	0.001	3	1500	0.1	103095
35115	56.6488	12.8358	8195	0.0	10	-0.6200	1.1710	0.1113	0.2032	0.0218	0.0230	180	60	0.001	3	1500	0.1	106123
35115	56.6488	12.8358	8195	0.0	11	-0.5970	1.3070	0.1584	0.2180	0.0215	0.0229	180	60	0.001	3	1500	0.1	104168
35115	56.6488	12.8358	8195	0.0	12	-0.6800	1.5000	0.1718	0.2607	0.0273	0.0290	180	60	0.001	3	1500	0.1	109034
35213	56.8920	12.4895	8195	0.0	1	-1.0190	1.7020	0.0946	0.2837	0.0212	0.0230	180	60	0.001	3	1500	0.1	102126
35213	56.8920	12.4895	8195	0.0	2	-0.7290	1.3210	0.0202	0.2579	0.0309	0.0330	180	60	0.001	3	1500	0.1	95990
35213	56.8920	12.4895	8195	0.0	3	-0.7150	1.2780	-0.0328	0.2025	0.0207	0.0220	180	60	0.001	3	1500	0.1	102232
35213	56.8920	12.4895	8195	0.0	4	-0.6190	0.7670	-0.0345	0.1386	0.0294	0.0305	180	60	0.001	3	1500	0.1	97180
35213	56.8920	12.4895	8195	0.0	5	-0.4410	0.6590	-0.0253	0.1288	0.0258	0.0270	180	60	0.001	3	1500	0.1	100566
35213	56.8920	12.4895	8195	0.0	6	-0.3370	0.5900	0.0376	0.1223	0.0587	0.0600	180	60	0.001	3	1500	0.1	100668
35213	56.8920	12.4895	8195	0.0	7	-0.2880	0.6330	0.0898	0.1154	0.0089	0.0100	180	60	0.001	3	1500	0.1	107311
35213	56.8920	12.4895	8195	0.0	8	-0.2690	0.7560	0.1089	0.1258	0.0158	0.0170	180	60	0.001	3	1500	0.1	106509
35213	56.8920	12.4895	8195	0.0	9	-0.3820	1.0040	0.1200	0.1700	0.0186	0.0196	180	60	0.001	3	1500	0.1	103095
35213	56.8920	12.4895	8195	0.0	10	-0.6260	1.1650	0.1053	0.2032	0.0218	0.0230	180	60	0.001	3	1500	0.1	106123
35213	56.8920	12.4895	8195	0.0	11	-0.6030	1.3010	0.1524	0.2180	0.0215	0.0229	180	60	0.001	3	1500	0.1	104168
35213	56.8920	12.4895	8195	0.0	12	-0.6860	1.4940	0.1658	0.2607	0.0273	0.0290	180	60	0.001	3	1500	0.1	109034
2104	57.1000	12.2167	8195	0.0	1	-0.9838	1.2752	0.0431	0.2437	0.0039	0.0047	180	60	0.001	3	1500	0.1	62453
2104	57.1000	12.2167	8195	0.0	2	-1.1048	1.0742	-0.0051	0.2276	0.0040	0.0047	180	60	0.001	3	1500	0.1	57601
2104	57.1000	12.2167	8195	0.0	3	-0.7008	1.0082	-0.0506	0.1971	0.0042	0.0048	180	60	0.001	3	1500	0.1	64448
2104	57.1000	12.2167	8195	0.0	4	-0.5458	0.8702	-0.0570	0.1595	0.0047	0.0053	180	60	0.001	3	1500	0.1	63402
2104	57.1000	12.2167	8195	0.0	5	-0.5068	0.7142	-0.0473	0.1288	0.0031	0.0037	180	60	0.001	3	1500	0.1	67148
2104	57.1000	12.2167	8195	0.0	6	-0.3828	0.7552	0.0360	0.1244	0.0038	0.0043	180	60	0.001	3	1500	0.1	66132
2104	57.1000	12.2167	8195	0.0	7	-0.2438	0.7962	0.0970	0.1133	0.0046	0.0052	180	60	0.001	3	1500	0.1	67822
2104	57.1000	12.2167	8195	0.0	8	-0.2768	0.9982	0.1231	0.1315	0.0039	0.0045	180	60	0.001	3	1500	0.1	68437
2104	57.1000	12.2167	8195	0.0	9	-0.3438	1.2142	0.1279	0.1693	0.0060	0.0067	180	60	0.001	3	1500	0.1	65711
2104	57.1000	12.2167	8195	0.0	10	-0.6318	1.3442	0.1244	0.2065	0.0047	0.0053	180	60	0.001	3	1500	0.1	68826
2104	57.1000	12.2167	8195	0.0	11	-0.8218	1.3402	0.1150	0.2295	0.0050	0.0057	180	60	0.001	3	1500	0.1	64527
2104	57.1000	12.2167	8195	0.0	12	-0.8378	1.5022	0.1015	0.2374	0.0051	0.0058	180	60	0.001	3	1500	0.1	67833
2105	57.2497	12.1125	8195	0.0	1	-1.0290	1.6920	0.0846	0.2837	0.0212	0.0230	180	60	0.001	3	1500	0.1	102126
2105	57.2497	12.1125	8195	0.0	2	-0.7390	1.3110	0.0102	0.2579	0.0250	0.0270	180	60	0.001	3	1500	0.1	95990
2105	57.2497	12.1125	8195	0.0	3	-0.7250	1.2680	-0.0428	0.2025	0.0097	0.0110	180	60	0.001	3	1500	0.1	102232
2105	57.2497	12.1125	8195	0.0	4	-0.6290	0.7570	-0.0445	0.1386	0.0099	0.0110	180	60	0.001	3	1500	0.1	97180
2105	57.2497	12.1125	8195	0.0	5	-0.4510	0.6490	-0.0353	0.1288	0.0138	0.0150	180	60	0.001	3	1500	0.1	100566
2105	57.2497	12.1125	8195	0.0	6	-0.3470	0.5800	0.0276	0.1223	0.0170	0.0182	180	60	0.001	3	1500	0.1	100668
2105	57.2497	12.1125	8195	0.0	7	-0.2980	0.6230	0.0798	0.1154	0.0089	0.0100	180	60	0.001	3	1500	0.1	107311
2105	57.2497	12.1125	8195	0.0	8	-0.2790	0.7460	0.0989	0.1258	0.0119	0.0130	180	60	0.001	3	1500	0.1	106509
2105	57.2497	12.1125	8195	0.0	9	-0.3920	0.9940	0.1100	0.1700	0.0076	0.0086	180	60	0.001	3	1500	0.1	103095
2105	57.2497	12.1125	8195	0.0	10	-0.6360	1.1550	0.0953	0.2032	0.0128	0.0140	180	60	0.001	3	1500	0.1	106123
2105	57.2497	12.1125	8195	0.0	11	-0.6130	1.2910	0.1424	0.2180	0.0135	0.0149	180	60	0.001	3	1500	0.1	104168
2105	57.2497	12.1125	8195	0.0	12	-0.6960	1.4840	0.1558	0.2607	0.0164	0.0180	180	60	0.001	3	1500	0.1	109034
33084	57.3920	11.9190	8195	0.0	1	-0.4932	1.0908	0.0753	0.2338	0.0433	0.0490	180	60	0.001	3	1500	0.1	82517
33084	57.3920	11.9190	8195	0.0	2	-0.4882	1.0358	0.0676	0.2590	0.0326	0.0380	180	60	0.001	3	1500	0.1	76669
33084	57.3920	11.9190	8195	0.0	3	-0.5232	0.6158	-0.0069	0.1760	0.0516	0.0560	180	60	0.001	3	1500	0.1	85208
33084	57.3920	11.9190	8195	0.0	4	-0.2882	0.4878	0.0404	0.1304	0.0735	0.0780	180	60	0.001	3	1500	0.1	82896
33084	57.3920	11.9190	8195	0.0	5	-0.3012	0.3448	-0.0224	0.1015	0.0492	0.0530	180	60	0.001	3	1500	0.1	87125
33084	57.3920	11.9190	8195	0.0	6	-0.2352	0.5208	0.0760	0.1357	0.0909	0.0950	180	60	0.001	3	1500	0.1	92788
33084	57.3920	11.9190	8195	0.0	7	-0.1752	0.5068	0.1314	0.1080	0.0591	0.0630	180	60	0.001	3	1500	0.1	124964
33084	57.3920	11.9190	8195	0.0	8	-0.1662	0.6208	0.1264	0.1252	0.0437	0.0480	180	60	0.001	3	1500	0.1	124577
33084	57.3920	11.9190	8195	0.0	9	-0.3142	0.6788	0.1191	0.1563	0.0302	0.0340	180	60	0.001	3	1500	0.1	125764
33084	57.3920	11.9190	8195	0.0	10	-0.4302	0.7868	0.0381	0.2238	0.0333	0.0380	180	60	0.001	3	1500	0.1	129876
33084	57.3920	11.9190	8195	0.0	11	-0.3142	1.0488	0.1845	0.2206	0.0885	0.0950	180	60	0.001	3	1500	0.1	127272
33084	57.3920	11.9190	8195	0.0	12	-0.4952	1.4698	0.2487	0.2480	0.0649	0.0720	180	60	0.001	3	1500	0.1	130105
35144	57.6317	11.6076	8195	0.0	1	-1.0890	1.5190	0.0844	0.2847	0.0662	0.0700	180	60	0.001	3	1500	0.1	112838
35144	57.6317	11.6076	8195	0.0	2	-0.7000	1.3840	-0.0151	0.2280	0.0927	0.0970	180	60	0.001	3	1500	0.1	136181
35144	57.6317	11.6076	8195	0.0	3	-0.7510	1.1830	-0.0431	0.2204	0.0850	0.0890	180	60	0.001	3	1500	0.1	118800
35144	57.6317	11.6076	8195	0.0	4	-0.6930	0.7370	-0.0615	0.1548	0.0772	0.0810	180	60	0.001	3	1500	0.1	108800
35144	57.6317	11.6076	8195	0.0	5	-0.5410	0.5710	-0.0405	0.1434	0.0932	0.0970	180	60	0.001	3	1500	0.1	112472
35144	57.6317	11.6076	8195	0.0	6	-0.3960	0.5870	0.0184	0.1368	0.0739	0.0780	180	60	0.001	3	1500	0.1	108691
35144	57.6317	11.6076	8195	0.0	7	-0.3510	0.6900	0.0694	0.1289	0.0823	0.0870	180	60	0.001	3	1500	0.1	114485
35144	57.6317	11.6076	8195	0.0	8	-0.3790	0.8020	0.0921	0.1426	0.0869	0.0910	180	60	0.001	3	1500	0.1	112232
35144	57.6317	11.6076	8195	0.0	9	-0.5320	1.0200	0.1090	0.1864	0.0892	0.0930	180	60	0.001	3	1500	0.1	107797
35144	57.6317	11.6076	8195	0.0	10	-0.5540	1.1610	0.1040	0.2154	0.0841	0.0880	180	60	0.001	3	1500	0.1	110810
35144	57.6317	11.6076	8195	0.0	11	-0.6570	1.5250	0.1461	0.2271	0.0771	0.0810	180	60	0.001	3	1500	0.1	108533
35144	57.6317	11.6076	8195	0.0	12	-0.6940	1.5000	0.1393	0.2769	0.0683	0.0720	180	60	0.001	3	1500	0.1	119148
35172	57.6805	11.7882	8195	0.0	1	-1.0870	1.5210	0.0864	0.2847	0.0662	0.0700	180	60	0.001	3	1500	0.1	112838
35172	57.6805	11.7882	8195	0.0	2	-0.6980	1.3860	-0.0131	0.2280	0.0927	0.0970	180	60	0.001	3	1500	0.1	136181
35172	57.6805	11.7882	8195	0.0	3	-0.7490	1.1850	-0.0411	0.2204	0.0850	0.0890	180	60	0.001	3	1500	0.1	118800
35172	57.6805	11.7882	8195	0.0	4	-0.6910	0.7390	-0.0595	0.1548	0.0772	0.0810	180	60	0.001	3	1500	0.1	108800
35172	57.6805	11.7882	8195	0.0	5	-0.5390	0.5730	-0.0385	0.1434	0.0932	0.0970	180	60	0.001	3	1500	0.1	112472
35172	57.6805	11.7882	8195	0.0	6	-0.3940	0.5890	0.0204	0.1368	0.0739	0.0780	180	60	0.001	3	1500	0.1	108691
35172	57.6805	11.7882	8195	0.0	7	-0.3490	0.6920	0.0714	0.1289	0.0823	0.0870	180	60	0.001	3	1500	0.1	114485
35172	57.6805	11.7882	8195	0.0	8	-0.3770	0.8040	0.0941	0.1426	0.0869	0.0910	180	60	0.001	3	1500	0.1	112232
35172	57.6805	11.7882	8195	0.0	9	-0.5300	1.0220	0.1110	0.1864	0.0892	0.0930	180	60	0.001	3	1500	0.1	107797
35172	57.6805	11.7882	8195	0.0	10	-0.5520	1.1630	0.1060	0.2154	0.0841	0.0880	180	60	0.001	3	1500	0.1	110810
35172	57.6805	11.7882	8195	0.0	11	-0.6550	1.5270	0.1481	0.2271	0.0771	0.0810	180	60	0.001	3	1500	0.1	108533
35172	57.6805	11.7882	8195	0.0	12	-0.6920	1.5020	0.1413	0.2769	0.0683	0.0720	180	60	0.001	3	1500	0.1	119148
2109	57.6847	11.7906	8195	0.0	1	-1.0862	1.5218	0.0872	0.2847	0.0662	0.0700	180	60	0.001	3	1500	0.1	112838
2109	57.6847	11.7906	8195	0.0	2	-0.6972	1.3868	-0.0123	0.2280	0.0668	0.0710	180	60	0.001	3	1500	0.1	136181
2109	57.6847	11.7906	8195	0.0	3	-0.7482	1.1858	-0.0403	0.2204	0.0601	0.0640	180	60	0.001	3	1500	0.1	118800
2109	57.6847	11.7906	8195	0.0	4	-0.6902	0.7398	-0.0587	0.1548	0.0563	0.0600	180	60	0.001	3	1500	0.1	108800
2109	57.6847	11.7906	8195	0.0	5	-0.5382	0.5738	-0.0377	0.1434	0.0653	0.0690	180	60	0.001	3	1500	0.1	112472
2109	57.6847	11.7906	8195	0.0	6	-0.3932	0.5898	0.0212	0.1368	0.0640	0.0680	180	60	0.001	3	1500	0.1	108691
2109	57.6847	11.7906	8195	0.0	7	-0.3482	0.6928	0.0722	0.1289	0.0684	0.0730	180	60	0.001	3	1500	0.1	114485
2109	57.6847	11.7906	8195	0.0	8	-0.3762	0.8048	0.0949	0.1426	0.0660	0.0700	180	60	0.001	3	1500	0.1	112232
2109	57.6847	11.7906	8195	0.0	9	-0.5292	1.0228	0.1118	0.1864	0.0643	0.0680	180	60	0.001	3	1500	0.1	107797
2109	57.6847	11.7906	8195	0.0	10	-0.5512	1.1638	0.1068	0.2154	0.0642	0.0680	180	60	0.001	3	1500	0.1	110810
2109	57.6847	11.7906	8195	0.0	11	-0.6542	1.5278	0.1489	0.2271	0.0562	0.0600	180	60	0.001	3	1500	0.1	108533
2109	57.6847	11.7906	8195	0.0	12	-0.6912	1.5028	0.1421	0.2769	0.0504	0.0540	180	60	0.001	3	1500	0.1	119148
33093	57.7231	11.9869	8195	0.0	1	-1.0862	1.5218	0.0872	0.2847	0.0662	0.0700	180	60	0.001	3	1500	0.1	112838
33093	57.7231	11.9869	8195	0.0	2	-0.6972	1.3868	-0.0123	0.2280	0.0668	0.0710	180	60	0.001	3	1500	0.1	136181
33093	57.7231	11.9869	8195	0.0	3	-0.7482	1.1858	-0.0403	0.2204	0.0601	0.0640	180	60	0.001	3	1500	0.1	118800
33093	57.7231	11.9869	8195	0.0	4	-0.6902	0.7398	-0.0587	0.1548	0.0563	0.0600	180	60	0.001	3	1500	0.1	108800
33093	57.7231	11.9869	8195	0.0	5	-0.5382	0.5738	-0.0377	0.1434	0.0653	0.0690	180	60	0.001	3	1500	0.1	112472
33093	57.7231	11.9869	8195	0.0	6	-0.3932	0.5898	0.0212	0.1368	0.0640	0.0680	180	60	0.001	3	1500	0.1	108691
33093	57.7231	11.9869	8195	0.0	7	-0.3482	0.6928	0.0722	0.1289	0.0684	0.0730	180	60	0.001	3	1500	0.1	114485
33093	57.7231	11.9869	8195	0.0	8	-0.3762	0.8048	0.0949	0.1426	0.0660	0.0700	180	60	0.001	3	1500	0.1	112232
33093	57.7231	11.9869	8195	0.0	9	-0.5292	1.0228	0.1118	0.1864	0.0643	0.0680	180	60	0.001	3	1500	0.1	107797
33093	57.7231	11.9869	8195	0.0	10	-0.5512	1.1638	0.1068	0.2154	0.0642	0.0680	180	60	0.001	3	1500	0.1	110810
33093	57.7231	11.9869	8195	0.0	11	-0.6542	1.5278	0.1489	0.2271	0.0562	0.0600	180	60	0.001	3	1500	0.1	108533
33093	57.7231	11.9869	8195	0.0	12	-0.6912	1.5028	0.1421	0.2769	0.0504	0.0540	180	60	0.001	3	1500	0.1	119148
33094	57.7658	12.0056	8195	0.0	1	-1.0862	1.5218	0.0872	0.2847	0.0662	0.0700	180	60	0.001	3	1500	0.1	112838
33094	57.7658	12.0056	8195	0.0	2	-0.6972	1.3868	-0.0123	0.2280	0.0668	0.0710	180	60	0.001	3	1500	0.1	136181
33094	57.7658	12.0056	8195	0.0	3	-0.7482	1.1858	-0.0403	0.2204	0.0601	0.0640	180	60	0.001	3	1500	0.1	118800
33094	57.7658	12.0056	8195	0.0	4	-0.6902	0.7398	-0.0587	0.1548	0.0563	0.0600	180	60	0.001	3	1500	0.1	108800
33094	57.7658	12.0056	8195	0.0	5	-0.5382	0.5738	-0.0377	0.1434	0.0653	0.0690	180	60	0.001	3	1500	0.1	112472
33094	57.7658	12.0056	8195	0.0	6	-0.3932	0.5898	0.0212	0.1368	0.0640	0.0680	180	60	0.001	3	1500	0.1	108691
33094	57.7658	12.0056	8195	0.0	7	-0.3482	0.6928	0.0722	0.1289	0.0684	0.0730	180	60	0.001	3	1500	0.1	114485
33094	57.7658	12.0056	8195	0.0	8	-0.3762	0.8048	0.0949	0.1426	0.0660	0.0700	180	60	0.001	3	1500	0.1	112232
33094	57.7658	12.0056	8195	0.0	9	-0.5292	1.0228	0.1118	0.1864	0.0643	0.0680	180	60	0.001	3	1500	0.1	107797
33094	57.7658	12.0056	8195	0.0	10	-0.5512	1.1638	0.1068	0.2154	0.0642	0.0680	180	60	0.001	3	1500	0.1	110810
33094	57.7658	12.0056	8195	0.0	11	-0.6542	1.5278	0.1489	0.2271	0.0562	0.0600	180	60	0.001	3	1500	0.1	108533
33094	57.7658	12.0056	8195	0.0	12	-0.6912	1.5028	0.1421	0.2769	0.0504	0.0540	180	60	0.001	3	1500	0.1	119148
33095	57.7897	12.0100	8195	0.0	1	-1.0862	1.5218	0.0872	0.2847	0.0662	0.0700	180	60	0.001	3	1500	0.1	112838
33095	57.7897	12.0100	8195	0.0	2	-0.6972	1.3868	-0.0123	0.2280	0.0668	0.0710	180	60	0.001	3	1500	0.1	136181
33095	57.7897	12.0100	8195	0.0	3	-0.7482	1.1858	-0.0403	0.2204	0.0601	0.0640	180	60	0.001	3	1500	0.1	118800
33095	57.7897	12.0100	8195	0.0	4	-0.6902	0.7398	-0.0587	0.1548	0.0563	0.0600	180	60	0.001	3	1500	0.1	108800
33095	57.7897	12.0100	8195	0.0	5	-0.5382	0.5738	-0.0377	0.1434	0.0653	0.0690	180	60	0.001	3	1500	0.1	112472
33095	57.7897	12.0100	8195	0.0	6	-0.3932	0.5898	0.0212	0.1368	0.0640	0.0680	180	60	0.001	3	1500	0.1	108691
33095	57.7897	12.0100	8195	0.0	7	-0.3482	0.6928	0.0722	0.1289	0.0684	0.0730	180	60	0.001	3	1500	0.1	114485
33095	57.7897	12.0100	8195	0.0	8	-0.3762	0.8048	0.0949	0.1426	0.0660	0.0700	180	60	0.001	3	1500	0.1	112232
33095	57.7897	12.0100	8195	0.0	9	-0.5292	1.0228	0.1118	0.1864	0.0643	0.0680	180	60	0.001	3	1500	0.1	107797
33095	57.7897	12.0100	8195	0.0	10	-0.5512	1.1638	0.1068	0.2154	0.0642	0.0680	180	60	0.001	3	1500	0.1	110810
33095	57.7897	12.0100	8195	0.0	11	-0.6542	1.5278	0.1489	0.2271	0.0562	0.0600	180	60	0.001	3	1500	0.1	108533
33095	57.7897	12.0100	8195	0.0	12	-0.6912	1.5028	0.1421	0.2769	0.0504	0.0540	180	60	0.001	3	1500	0.1	119148
33096	57.6967	11.9089	8195	0.0	1	-1.0862	1.5218	0.0872	0.2847	0.0662	0.0700	180	60	0.001	3	1500	0.1	112838
33096	57.6967	11.9089	8195	0.0	2	-0.6972	1.3868	-0.0123	0.2280	0.0668	0.0710	180	60	0.001	3	1500	0.1	136181
33096	57.6967	11.9089	8195	0.0	3	-0.7482	1.1858	-0.0403	0.2204	0.0601	0.0640	180	60	0.001	3	1500	0.1	118800
33096	57.6967	11.9089	8195	0.0	4	-0.6902	0.7398	-0.0587	0.1548	0.0563	0.0600	180	60	0.001	3	1500	0.1	108800
33096	57.6967	11.9089	8195	0.0	5	-0.5382	0.5738	-0.0377	0.1434	0.0653	0.0690	180	60	0.001	3	1500	0.1	112472
33096	57.6967	11.9089	8195	0.0	6	-0.3932	0.5898	0.0212	0.1368	0.0640	0.0680	180	60	0.001	3	1500	0.1	108691
33096	57.6967	11.9089	8195	0.0	7	-0.3482	0.6928	0.0722	0.1289	0.0684	0.0730	180	60	0.001	3	1500	0.1	114485
33096	57.6967	11.9089	8195	0.0	8	-0.3762	0.8048	0.0949	0.1426	0.0660	0.0700	180	60	0.001	3	1500	0.1	112232
33096	57.6967	11.9089	8195	0.0	9	-0.5292	1.0228	0.1118	0.1864	0.0643	0.0680	180	60	0.001	3	1500	0.1	107797
33096	57.6967	11.9089	8195	0.0	10	-0.5512	1.1638	0.1068	0.2154	0.0642	0.0680	180	60	0.001	3	1500	0.1	110810
33096	57.6967	11.9089	8195	0.0	11	-0.6542	1.5278	0.1489	0.2271	0.0562	0.0600	180	60	0.001	3	1500	0.1	108533
33096	57.6967	11.9089	8195	0.0	12	-0.6912	1.5028	0.1421	0.2769	0.0504	0.0540	180	60	0.001	3	1500	0.1	119148
35184	57.6878	11.8696	8195	0.0	1	-1.0870	1.5210	0.0864	0.2847	0.0662	0.0700	180	60	0.001	3	1500	0.1	112838
35184	57.6878	11.8696	8195	0.0	2	-0.6980	1.3860	-0.0131	0.2280	0.0927	0.0970	180	60	0.001	3	1500	0.1	136181
35184	57.6878	11.8696	8195	0.0	3	-0.7490	1.1850	-0.0411	0.2204	0.0850	0.0890	180	60	0.001	3	1500	0.1	118800
35184	57.6878	11.8696	8195	0.0	4	-0.6910	0.7390	-0.0595	0.1548	0.0772	0.0810	180	60	0.001	3	1500	0.1	108800
35184	57.6878	11.8696	8195	0.0	5	-0.5390	0.5730	-0.0385	0.1434	0.0932	0.0970	180	60	0.001	3	1500	0.1	112472
35184	57.6878	11.8696	8195	0.0	6	-0.3940	0.5890	0.0204	0.1368	0.0739	0.0780	180	60	0.001	3	1500	0.1	108691
35184	57.6878	11.8696	8195	0.0	7	-0.3490	0.6920	0.0714	0.1289	0.0823	0.0870	180	60	0.001	3	1500	0.1	114485
35184	57.6878	11.8696	8195	0.0	8	-0.3770	0.8040	0.0941	0.1426	0.0869	0.0910	180	60	0.001	3	1500	0.1	112232
35184	57.6878	11.8696	8195	0.0	9	-0.5300	1.0220	0.1110	0.1864	0.0892	0.0930	180	60	0.001	3	1500	0.1	107797
35184	57.6878	11.8696	8195	0.0	10	-0.5520	1.1630	0.1060	0.2154	0.0841	0.0880	180	60	0.001	3	1500	0.1	110810
35184	57.6878	11.8696	8195	0.0	11	-0.6550	1.5270	0.1481	0.2271	0.0771	0.0810	180	60	0.001	3	1500	0.1	108533
35184	57.6878	11.8696	8195	0.0	12	-0.6920	1.5020	0.1413	0.2769	0.0683	0.0720	180	60	0.001	3	1500	0.1	119148
35104	57.8880	11.5732	8195	0.0	1	-1.1030	1.5050	0.0704	0.2847	0.0662	0.0700	180	60	0.001	3	1500	0.1	112838
35104	57.8880	11.5732	8195	0.0	2	-0.7140	1.3700	-0.0291	0.2280	0.0927	0.0970	180	60	0.001	3	1500	0.1	136181
35104	57.8880	11.5732	8195	0.0	3	-0.7650	1.1690	-0.0571	0.2204	0.0850	0.0890	180	60	0.001	3	1500	0.1	118800
35104	57.8880	11.5732	8195	0.0	4	-0.7070	0.7230	-0.0755	0.1548	0.0772	0.0810	180	60	0.001	3	1500	0.1	108800
35104	57.8880	11.5732	8195	0.0	5	-0.5550	0.5570	-0.0545	0.1434	0.0932	0.0970	180	60	0.001	3	1500	0.1	112472
35104	57.8880	11.5732	8195	0.0	6	-0.4100	0.5730	0.0044	0.1368	0.0739	0.0780	180	60	0.001	3	1500	0.1	108691
35104	57.8880	11.5732	8195	0.0	7	-0.3650	0.6760	0.0554	0.1289	0.0823	0.0870	180	60	0.001	3	1500	0.1	114485
35104	57.8880	11.5732	8195	0.0	8	-0.3930	0.7880	0.0781	0.1426	0.0869	0.0910	180	60	0.001	3	1500	0.1	112232
35104	57.8880	11.5732	8195	0.0	9	-0.5460	1.0060	0.0950	0.1864	0.0892	0.0930	180	60	0.001	3	1500	0.1	107797
35104	57.8880	11.5732	8195	0.0	10	-0.5680	1.1470	0.0900	0.2154	0.0841	0.0880	180	60	0.001	3	1500	0.1	110810
35104	57.8880	11.5732	8195	0.0	11	-0.6710	1.5110	0.1321	0.2271	0.0771	0.0810	180	60	0.001	3	1500	0.1	108533
35104	57.8880	11.5732	8195	0.0	12	-0.7080	1.4860	0.1253	0.2769	0.0683	0.0720	180	60	0.001	3	1500	0.1	119148
2110	58.0933	11.8325	8195	0.0	1	-1.1904	1.3506	0.0322	0.3265	0.0354	0.0387	180	60	0.001	3	1500	0.1	122672
2110	58.0933	11.8325	8195	0.0	2	-0.8264	1.5436	-0.0563	0.2774	0.0247	0.0277	180	60	0.001	3	1500	0.1	109115
2110	58.0933	11.8325	8195	0.0	3	-0.8834	1.2066	-0.0895	0.2388	0.0633	0.0670	180	60	0.001	3	1500	0.1	116743
2110	58.0933	11.8325	8195	0.0	4	-0.7674	0.7966	-0.1032	0.1819	0.0251	0.0280	180	60	0.001	3	1500	0.1	110842
2110	58.0933	11.8325	8195	0.0	5	-0.7094	0.6806	-0.0867	0.1704	0.0214	0.0240	180	60	0.001	3	1500	0.1	121602
2110	58.0933	11.8325	8195	0.0	6	-0.5074	0.6476	-0.0302	0.1594	0.0251	0.0277	180	60	0.001	3	1500	0.1	111723
2110	58.0933	11.8325	8195	0.0	7	-0.5194	0.8766	0.0171	0.1531	0.0232	0.0260	180	60	0.001	3	1500	0.1	115286
2110	58.0933	11.8325	8195	0.0	8	-0.4484	0.8306	0.0496	0.1673	0.0214	0.0240	180	60	0.001	3	1500	0.1	121875
2110	58.0933	11.8325	8195	0.0	9	-0.6414	1.0376	0.0695	0.2092	0.0930	0.0990	180	60	0.001	3	1500	0.1	113692
2110	58.0933	11.8325	8195	0.0	10	-0.6454	1.3876	0.0457	0.2478	0.0304	0.0335	180	60	0.001	3	1500	0.1	131427
2110	58.0933	11.8325	8195	0.0	11	-0.8314	1.5566	0.0894	0.2641	0.0468	0.0500	180	60	0.001	3	1500	0.1	119898
2110	58.0933	11.8325	8195	0.0	12	-0.9074	1.4586	0.1034	0.2939	0.0301	0.0330	180	60	0.001	3	1500	0.1	130096
2541	58.3475	11.8948	8195	0.0	1	-0.9092	1.5018	0.0210	0.3270	0.0172	0.0190	180	60	0.001	3	1500	0.1	301567
2541	58.3475	11.8948	8195	0.0	2	-0.8362	1.1878	-0.0576	0.2957	0.0232	0.0250	180	60	0.001	3	1500	0.1	278466
2541	58.3475	11.8948	8195	0.0	3	-0.8312	0.7098	-0.1162	0.2513	0.0203	0.0220	180	60	0.001	3	1500	0.1	305181
2541	58.3475	11.8948	8195	0.0	4	-0.6192	0.6698	-0.0730	0.1947	0.0084	0.0100	180	60	0.001	3	1500	0.1	298384
2541	58.3475	11.8948	8195	0.0	5	-0.7342	0.6158	-0.0724	0.1893	0.0044	0.0060	180	60	0.001	3	1500	0.1	273759
2541	58.3475	11.8948	8195	0.0	6	-0.5252	0.6298	-0.0187	0.1848	0.0064	0.0080	180	60	0.001	3	1500	0.1	228924
2541	58.3475	11.8948	8195	0.0	7	-0.4792	0.5098	0.0109	0.1678	0.0174	0.0190	180	60	0.001	3	1500	0.1	308448
2541	58.3475	11.8948	8195	0.0	8	-0.4142	0.7718	0.0419	0.1857	0.0173	0.0190	180	60	0.001	3	1500	0.1	288216
2541	58.3475	11.8948	8195	0.0	9	-0.5382	1.0918	0.0665	0.2285	0.0164	0.0180	180	60	0.001	3	1500	0.1	292209
2541	58.3475	11.8948	8195	0.0	10	-0.7872	1.0148	0.0466	0.2846	0.0083	0.0100	180	60	0.001	3	1500	0.1	290622
2541	58.3475	11.8948	8195	0.0	11	-0.6202	1.3208	0.1063	0.2740	0.0262	0.0280	180	60	0.001	3	1500	0.1	296075
2541	58.3475	11.8948	8195	0.0	12	-0.7772	1.5858	0.1678	0.3462	0.0899	0.0920	180	60	0.001	3	1500	0.1	285430
35109	58.3360	11.4046	8195	0.0	1	-1.1840	1.2310	-0.0026	0.2748	0.1721	0.1850	180	60	0.001	3	1500	0.1	187825
35109	58.3360	11.4046	8195	0.0	2	-0.9270	1.3090	-0.0862	0.2544	0.0894	0.0960	180	60	0.001	3	1500	0.1	136407
35109	58.3360	11.4046	8195	0.0	3	-0.8870	1.1750	-0.1235	0.2213	0.0894	0.0950	180	60	0.001	3	1500	0.1	152045
35109	58.3360	11.4046	8195	0.0	4	-0.8070	0.7080	-0.1305	0.1716	0.0927	0.0970	180	60	0.001	3	1500	0.1	145555
35109	58.3360	11.4046	8195	0.0	5	-0.7560	0.5370	-0.1156	0.1586	0.0951	0.0990	180	60	0.001	3	1500	0.1	150302
35109	58.3360	11.4046	8195	0.0	6	-0.5470	0.5910	-0.0557	0.1477	0.0921	0.0960	180	60	0.001	3	1500	0.1	140613
35109	58.3360	11.4046	8195	0.0	7	-0.5130	0.7080	-0.0079	0.1427	0.0815	0.0860	180	60	0.001	3	1500	0.1	154320
35109	58.3360	11.4046	8195	0.0	8	-0.5060	0.8480	0.0184	0.1556	0.0901	0.0950	180	60	0.001	3	1500	0.1	158194
35109	58.3360	11.4046	8195	0.0	9	-0.6330	1.0920	0.0373	0.1948	0.0905	0.0960	180	60	0.001	3	1500	0.1	149097
35109	58.3360	11.4046	8195	0.0	10	-0.6450	1.3060	0.0342	0.2274	0.0818	0.0880	180	60	0.001	3	1500	0.1	158075
35109	58.3360	11.4046	8195	0.0	11	-0.8270	1.4550	0.0613	0.2455	0.0909	0.0990	180	60	0.001	3	1500	0.1	153981
35109	58.3360	11.4046	8195	0.0	12	-0.8750	1.3240	0.0628	0.2723	0.0888	0.1000	180	60	0.001	3	1500	0.1	161184
2111	58.3536	11.2178	8195	0.0	1	-1.1836	1.2314	-0.0022	0.2748	0.1721	0.1850	180	60	0.001	3	1500	0.1	187825
2111	58.3536	11.2178	8195	0.0	2	-0.9266	1.3094	-0.0858	0.2544	0.1390	0.1460	180	60	0.001	3	1500	0.1	136407
2111	58.3536	11.2178	8195	0.0	3	-0.8866	1.1754	-0.1231	0.2213	0.0894	0.0950	180	60	0.001	3	1500	0.1	152045
2111	58.3536	11.2178	8195	0.0	4	-0.8066	0.7084	-0.1301	0.1716	0.0747	0.0790	180	60	0.001	3	1500	0.1	145555
2111	58.3536	11.2178	8195	0.0	5	-0.7556	0.5374	-0.1152	0.1586	0.0592	0.0630	180	60	0.001	3	1500	0.1	150302
2111	58.3536	11.2178	8195	0.0	6	-0.5466	0.5914	-0.0553	0.1477	0.0632	0.0670	180	60	0.001	3	1500	0.1	140613
2111	58.3536	11.2178	8195	0.0	7	-0.5126	0.7084	-0.0075	0.1427	0.0815	0.0860	180	60	0.001	3	1500	0.1	154320
2111	58.3536	11.2178	8195	0.0	8	-0.5056	0.8484	0.0188	0.1556	0.0901	0.0950	180	60	0.001	3	1500	0.1	158194
2111	58.3536	11.2178	8195	0.0	9	-0.6326	1.0924	0.0377	0.1948	0.0905	0.0960	180	60	0.001	3	1500	0.1	149097
2111	58.3536	11.2178	8195	0.0	10	-0.6446	1.3064	0.0346	0.2274	0.0818	0.0880	180	60	0.001	3	1500	0.1	158075
2111	58.3536	11.2178	8195	0.0	11	-0.8266	1.4554	0.0617	0.2455	0.1328	0.1410	180	60	0.001	3	1500	0.1	153981
2111	58.3536	11.2178	8195	0.0	12	-0.8746	1.3244	0.0632	0.2723	0.1823	0.1950	180	60	0.001	3	1500	0.1	161184
2130	58.9967	11.1272	8195	0.0	1	-1.2160	1.2200	-0.0177	0.3171	0.0258	0.0280	180	60	0.001	3	1500	0.1	100595
2130	58.9967	11.1272	8195	0.0	2	-0.9360	1.3720	-0.0771	0.3052	0.0197	0.0220	180	60	0.001	3	1500	0.1	99606
2130	58.9967	11.1272	8195	0.0	3	-0.9380	1.1620	-0.1343	0.2606	0.0133	0.0150	180	60	0.001	3	1500	0.1	104492
2130	58.9967	11.1272	8195	0.0	4	-0.8460	0.6470	-0.1562	0.1790	0.0160	0.0173	180	60	0.001	3	1500	0.1	95736
2130	58.9967	11.1272	8195	0.0	5	-0.7690	0.5860	-0.1307	0.1766	0.0130	0.0143	180	60	0.001	3	1500	0.1	98646
2130	58.9967	11.1272	8195	0.0	6	-0.5840	0.5520	-0.0731	0.1606	0.0128	0.0140	180	60	0.001	3	1500	0.1	95569
2130	58.9967	11.1272	8195	0.0	7	-0.5640	0.7680	-0.0189	0.1568	0.0154	0.0167	180	60	0.001	3	1500	0.1	101696
2130	58.9967	11.1272	8195	0.0	8	-0.5380	0.9290	0.0068	0.1697	0.0146	0.0160	180	60	0.001	3	1500	0.1	105254
2130	58.9967	11.1272	8195	0.0	9	-0.7520	0.9230	0.0204	0.2185	0.0136	0.0150	180	60	0.001	3	1500	0.1	102051
2130	58.9967	11.1272	8195	0.0	10	-0.7910	1.4260	0.0081	0.2495	0.0273	0.0290	180	60	0.001	3	1500	0.1	106013
2130	58.9967	11.1272	8195	0.0	11	-0.8860	1.2220	0.0450	0.2639	0.0201	0.0220	180	60	0.001	3	1500	0.1	103309
2130	58.9967	11.1272	8195	0.0	12	-0.8700	1.3540	0.0556	0.3011	0.0236	0.0260	180	60	0.001	3	1500	0.1	111749
