33001	57.2167	11.5667	8030	0.0	1	0.0000	360.0000	NaN	NaN	NaN	NaN	NaN	1366
33001	57.2167	11.5667	8030	0.0	2	0.0000	360.0000	NaN	NaN	NaN	NaN	NaN	113
33001	57.2167	11.5667	8030	0.0	3	0.0000	360.0000	NaN	NaN	NaN	NaN	NaN	0
33001	57.2167	11.5667	8030	0.0	4	0.0000	360.0000	NaN	NaN	NaN	NaN	NaN	1264
33001	57.2167	11.5667	8030	0.0	5	0.0000	360.0000	NaN	NaN	NaN	NaN	NaN	3087
33001	57.2167	11.5667	8030	0.0	6	0.0000	360.0000	NaN	NaN	NaN	NaN	NaN	4739
33001	57.2167	11.5667	8030	0.0	7	0.0000	360.0000	NaN	NaN	NaN	NaN	NaN	5555
33001	57.2167	11.5667	8030	0.0	8	0.0000	360.0000	NaN	NaN	NaN	NaN	NaN	5487
33001	57.2167	11.5667	8030	0.0	9	0.0000	360.0000	NaN	NaN	NaN	NaN	NaN	3184
33001	57.2167	11.5667	8030	0.0	10	0.0000	360.0000	NaN	NaN	NaN	NaN	NaN	3492
33001	57.2167	11.5667	8030	0.0	11	0.0000	360.0000	NaN	NaN	NaN	NaN	NaN	2913
33001	57.2167	11.5667	8030	0.0	12	0.0000	360.0000	NaN	NaN	NaN	NaN	NaN	2167
33002	58.9333	19.1667	8030	0.0	1	0.0000	360.0000	NaN	NaN	NaN	NaN	NaN	2165
33002	58.9333	19.1667	8030	0.0	2	0.0000	360.0000	NaN	NaN	NaN	NaN	NaN	2097
33002	58.9333	19.1667	8030	0.0	3	0.0000	360.0000	NaN	NaN	NaN	NaN	NaN	1654
33002	58.9333	19.1667	8030	0.0	4	0.0000	360.0000	NaN	NaN	NaN	NaN	NaN	2099
33002	58.9333	19.1667	8030	0.0	5	0.0000	360.0000	NaN	NaN	NaN	NaN	NaN	5194
33002	58.9333	19.1667	8030	0.0	6	0.0000	360.0000	NaN	NaN	NaN	NaN	NaN	7423
33002	58.9333	19.1667	8030	0.0	7	0.0000	360.0000	NaN	NaN	NaN	NaN	NaN	7504
33002	58.9333	19.1667	8030	0.0	8	0.0000	360.0000	NaN	NaN	NaN	NaN	NaN	7225
33002	58.9333	19.1667	8030	0.0	9	0.0000	360.0000	NaN	NaN	NaN	NaN	NaN	7569
33002	58.9333	19.1667	8030	0.0	10	0.0000	360.0000	NaN	NaN	NaN	NaN	NaN	6785
33002	58.9333	19.1667	8030	0.0	11	0.0000	360.0000	NaN	NaN	NaN	NaN	NaN	3787
33002	58.9333	19.1667	8030	0.0	12	0.0000	360.0000	NaN	NaN	NaN	NaN	NaN	2629
33005	58.4833	10.9333	8030	0.0	1	0.0000	360.0000	NaN	NaN	NaN	NaN	NaN	0
33005	58.4833	10.9333	8030	0.0	2	0.0000	360.0000	NaN	NaN	NaN	NaN	NaN	8
33005	58.4833	10.9333	8030	0.0	3	0.0000	360.0000	NaN	NaN	NaN	NaN	NaN	742
33005	58.4833	10.9333	8030	0.0	4	0.0000	360.0000	NaN	NaN	NaN	NaN	NaN	417
33005	58.4833	10.9333	8030	0.0	5	0.0000	360.0000	NaN	NaN	NaN	NaN	NaN	0
33005	58.4833	10.9333	8030	0.0	6	0.0000	360.0000	NaN	NaN	NaN	NaN	NaN	303
33005	58.4833	10.9333	8030	0.0	7	0.0000	360.0000	NaN	NaN	NaN	NaN	NaN	743
33005	58.4833	10.9333	8030	0.0	8	0.0000	360.0000	NaN	NaN	NaN	NaN	NaN	742
33005	58.4833	10.9333	8030	0.0	9	0.0000	360.0000	NaN	NaN	NaN	NaN	NaN	720
33005	58.4833	10.9333	8030	0.0	10	0.0000	360.0000	NaN	NaN	NaN	NaN	NaN	1213
33005	58.4833	10.9333	8030	0.0	11	0.0000	360.0000	NaN	NaN	NaN	NaN	NaN	772
33005	58.4833	10.9333	8030	0.0	12	0.0000	360.0000	NaN	NaN	NaN	NaN	NaN	74
33022	58.8020	17.6252	8030	0.0	1	0.0000	360.0000	NaN	NaN	NaN	NaN	NaN	0
33022	58.8020	17.6252	8030	0.0	2	0.0000	360.0000	NaN	NaN	NaN	NaN	NaN	0
33022	58.8020	17.6252	8030	0.0	3	0.0000	360.0000	NaN	NaN	NaN	NaN	NaN	0
33022	58.8020	17.6252	8030	0.0	4	0.0000	360.0000	NaN	NaN	NaN	NaN	NaN	0
33022	58.8020	17.6252	8030	0.0	5	0.0000	360.0000	NaN	NaN	NaN	NaN	NaN	200
33022	58.8020	17.6252	8030	0.0	6	0.0000	360.0000	NaN	NaN	NaN	NaN	NaN	1157
33022	58.8020	17.6252	8030	0.0	7	0.0000	360.0000	NaN	NaN	NaN	NaN	NaN	1093
33022	58.8020	17.6252	8030	0.0	8	0.0000	360.0000	NaN	NaN	NaN	NaN	NaN	1100
33022	58.8020	17.6252	8030	0.0	9	0.0000	360.0000	NaN	NaN	NaN	NaN	NaN	1421
33022	58.8020	17.6252	8030	0.0	10	0.0000	360.0000	NaN	NaN	NaN	NaN	NaN	1167
33022	58.8020	17.6252	8030	0.0	11	0.0000	360.0000	NaN	NaN	NaN	NaN	NaN	521
33022	58.8020	17.6252	8030	0.0	12	0.0000	360.0000	NaN	NaN	NaN	NaN	NaN	325
33023	56.9270	17.0839	8030	0.0	1	0.0000	360.0000	NaN	NaN	NaN	NaN	NaN	489
33023	56.9270	17.0839	8030	0.0	2	0.0000	360.0000	NaN	NaN	NaN	NaN	NaN	0
33023	56.9270	17.0839	8030	0.0	3	0.0000	360.0000	NaN	NaN	NaN	NaN	NaN	0
33023	56.9270	17.0839	8030	0.0	4	0.0000	360.0000	NaN	NaN	NaN	NaN	NaN	0
33023	56.9270	17.0839	8030	0.0	5	0.0000	360.0000	NaN	NaN	NaN	NaN	NaN	94
33023	56.9270	17.0839	8030	0.0	6	0.0000	360.0000	NaN	NaN	NaN	NaN	NaN	246
33023	56.9270	17.0839	8030	0.0	7	0.0000	360.0000	NaN	NaN	NaN	NaN	NaN	997
33023	56.9270	17.0839	8030	0.0	8	0.0000	360.0000	NaN	NaN	NaN	NaN	NaN	1059
33023	56.9270	17.0839	8030	0.0	9	0.0000	360.0000	NaN	NaN	NaN	NaN	NaN	485
33023	56.9270	17.0839	8030	0.0	10	0.0000	360.0000	NaN	NaN	NaN	NaN	NaN	1277
33023	56.9270	17.0839	8030	0.0	11	0.0000	360.0000	NaN	NaN	NaN	NaN	NaN	1206
33023	56.9270	17.0839	8030	0.0	12	0.0000	360.0000	NaN	NaN	NaN	NaN	NaN	1094
33024	58.3025	11.7533	8030	0.0	1	0.0000	360.0000	NaN	NaN	NaN	NaN	NaN	0
33024	58.3025	11.7533	8030	0.0	2	0.0000	360.0000	NaN	NaN	NaN	NaN	NaN	0
33024	58.3025	11.7533	8030	0.0	3	0.0000	360.0000	NaN	NaN	NaN	NaN	NaN	0
33024	58.3025	11.7533	8030	0.0	4	0.0000	360.0000	NaN	NaN	NaN	NaN	NaN	0
33024	58.3025	11.7533	8030	0.0	5	0.0000	360.0000	NaN	NaN	NaN	NaN	NaN	255
33024	58.3025	11.7533	8030	0.0	6	0.0000	360.0000	NaN	NaN	NaN	NaN	NaN	685
33024	58.3025	11.7533	8030	0.0	7	0.0000	360.0000	NaN	NaN	NaN	NaN	NaN	203
33024	58.3025	11.7533	8030	0.0	8	0.0000	360.0000	NaN	NaN	NaN	NaN	NaN	420
33024	58.3025	11.7533	8030	0.0	9	0.0000	360.0000	NaN	NaN	NaN	NaN	NaN	239
33024	58.3025	11.7533	8030	0.0	10	0.0000	360.0000	NaN	NaN	NaN	NaN	NaN	37
33024	58.3025	11.7533	8030	0.0	11	0.0000	360.0000	NaN	NaN	NaN	NaN	NaN	644
33024	58.3025	11.7533	8030	0.0	12	0.0000	360.0000	NaN	NaN	NaN	NaN	NaN	395
33025	58.2568	11.4510	8030	0.0	1	0.0000	360.0000	NaN	NaN	NaN	NaN	NaN	0
33025	58.2568	11.4510	8030	0.0	2	0.0000	360.0000	NaN	NaN	NaN	NaN	NaN	0
33025	58.2568	11.4510	8030	0.0	3	0.0000	360.0000	NaN	NaN	NaN	NaN	NaN	96
33025	58.2568	11.4510	8030	0.0	4	0.0000	360.0000	NaN	NaN	NaN	NaN	NaN	1208
33025	58.2568	11.4510	8030	0.0	5	0.0000	360.0000	NaN	NaN	NaN	NaN	NaN	1493
33025	58.2568	11.4510	8030	0.0	6	0.0000	360.0000	NaN	NaN	NaN	NaN	NaN	1787
33025	58.2568	11.4510	8030	0.0	7	0.0000	360.0000	NaN	NaN	NaN	NaN	NaN	1972
33025	58.2568	11.4510	8030	0.0	8	0.0000	360.0000	NaN	NaN	NaN	NaN	NaN	1303
33025	58.2568	11.4510	8030	0.0	9	0.0000	360.0000	NaN	NaN	NaN	NaN	NaN	1384
33025	58.2568	11.4510	8030	0.0	10	0.0000	360.0000	NaN	NaN	NaN	NaN	NaN	1481
33025	58.2568	11.4510	8030	0.0	11	0.0000	360.0000	NaN	NaN	NaN	NaN	NaN	1223
33025	58.2568	11.4510	8030	0.0	12	0.0000	360.0000	NaN	NaN	NaN	NaN	NaN	369
33026	58.8833	11.0983	8030	0.0	1	0.0000	360.0000	NaN	NaN	NaN	NaN	NaN	0
33026	58.8833	11.0983	8030	0.0	2	0.0000	360.0000	NaN	NaN	NaN	NaN	NaN	0
33026	58.8833	11.0983	8030	0.0	3	0.0000	360.0000	NaN	NaN	NaN	NaN	NaN	0
33026	58.8833	11.0983	8030	0.0	4	0.0000	360.0000	NaN	NaN	NaN	NaN	NaN	0
33026	58.8833	11.0983	8030	0.0	5	0.0000	360.0000	NaN	NaN	NaN	NaN	NaN	224
33026	58.8833	11.0983	8030	0.0	6	0.0000	360.0000	NaN	NaN	NaN	NaN	NaN	707
33026	58.8833	11.0983	8030	0.0	7	0.0000	360.0000	NaN	NaN	NaN	NaN	NaN	953
33026	58.8833	11.0983	8030	0.0	8	0.0000	360.0000	NaN	NaN	NaN	NaN	NaN	910
33026	58.8833	11.0983	8030	0.0	9	0.0000	360.0000	NaN	NaN	NaN	NaN	NaN	709
33026	58.8833	11.0983	8030	0.0	10	0.0000	360.0000	NaN	NaN	NaN	NaN	NaN	1505
33026	58.8833	11.0983	8030	0.0	11	0.0000	360.0000	NaN	NaN	NaN	NaN	NaN	1497
33026	58.8833	11.0983	8030	0.0	12	0.0000	360.0000	NaN	NaN	NaN	NaN	NaN	396
33202	54.6000	11.1500	8030	-8.0	1	0.0000	360.0000	NaN	NaN	NaN	NaN	NaN	3341
33202	54.6000	11.1500	8030	-8.0	2	0.0000	360.0000	NaN	NaN	NaN	NaN	NaN	3170
33202	54.6000	11.1500	8030	-8.0	3	0.0000	360.0000	NaN	NaN	NaN	NaN	NaN	3133
33202	54.6000	11.1500	8030	-8.0	4	0.0000	360.0000	NaN	NaN	NaN	NaN	NaN	4032
33202	54.6000	11.1500	8030	-8.0	5	0.0000	360.0000	NaN	NaN	NaN	NaN	NaN	4222
33202	54.6000	11.1500	8030	-8.0	6	0.0000	360.0000	NaN	NaN	NaN	NaN	NaN	4088
33202	54.6000	11.1500	8030	-8.0	7	0.0000	360.0000	NaN	NaN	NaN	NaN	NaN	3845
33202	54.6000	11.1500	8030	-8.0	8	0.0000	360.0000	NaN	NaN	NaN	NaN	NaN	4977
33202	54.6000	11.1500	8030	-8.0	9	0.0000	360.0000	NaN	NaN	NaN	NaN	NaN	4790
33202	54.6000	11.1500	8030	-8.0	10	0.0000	360.0000	NaN	NaN	NaN	NaN	NaN	2920
33202	54.6000	11.1500	8030	-8.0	11	0.0000	360.0000	NaN	NaN	NaN	NaN	NaN	2747
33202	54.6000	11.1500	8030	-8.0	12	0.0000	360.0000	NaN	NaN	NaN	NaN	NaN	3801
33202	54.6000	11.1500	8030	-4.0	1	0.0000	360.0000	NaN	NaN	NaN	NaN	NaN	1211
33202	54.6000	11.1500	8030	-4.0	2	0.0000	360.0000	NaN	NaN	NaN	NaN	NaN	1805
33202	54.6000	11.1500	8030	-4.0	3	0.0000	360.0000	NaN	NaN	NaN	NaN	NaN	2418
33202	54.6000	11.1500	8030	-4.0	4	0.0000	360.0000	NaN	NaN	NaN	NaN	NaN	2263
33202	54.6000	11.1500	8030	-4.0	5	0.0000	360.0000	NaN	NaN	NaN	NaN	NaN	1641
33202	54.6000	11.1500	8030	-4.0	6	0.0000	360.0000	NaN	NaN	NaN	NaN	NaN	1343
33202	54.6000	11.1500	8030	-4.0	7	0.0000	360.0000	NaN	NaN	NaN	NaN	NaN	1681
33202	54.6000	11.1500	8030	-4.0	8	0.0000	360.0000	NaN	NaN	NaN	NaN	NaN	1227
33202	54.6000	11.1500	8030	-4.0	9	0.0000	360.0000	NaN	NaN	NaN	NaN	NaN	1135
33202	54.6000	11.1500	8030	-4.0	10	0.0000	360.0000	NaN	NaN	NaN	NaN	NaN	348
33202	54.6000	11.1500	8030	-4.0	11	0.0000	360.0000	NaN	NaN	NaN	NaN	NaN	102
33202	54.6000	11.1500	8030	-4.0	12	0.0000	360.0000	NaN	NaN	NaN	NaN	NaN	610
33203	54.7000	12.7000	8030	-9.0	1	0.0000	360.0000	NaN	NaN	NaN	NaN	NaN	13367
33203	54.7000	12.7000	8030	-9.0	2	0.0000	360.0000	NaN	NaN	NaN	NaN	NaN	11690
33203	54.7000	12.7000	8030	-9.0	3	0.0000	360.0000	NaN	NaN	NaN	NaN	NaN	13636
33203	54.7000	12.7000	8030	-9.0	4	0.0000	360.0000	NaN	NaN	NaN	NaN	NaN	12896
33203	54.7000	12.7000	8030	-9.0	5	0.0000	360.0000	NaN	NaN	NaN	NaN	NaN	13781
33203	54.7000	12.7000	8030	-9.0	6	0.0000	360.0000	NaN	NaN	NaN	NaN	NaN	14619
33203	54.7000	12.7000	8030	-9.0	7	0.0000	360.0000	NaN	NaN	NaN	NaN	NaN	15261
33203	54.7000	12.7000	8030	-9.0	8	0.0000	360.0000	NaN	NaN	NaN	NaN	NaN	15111
33203	54.7000	12.7000	8030	-9.0	9	0.0000	360.0000	NaN	NaN	NaN	NaN	NaN	14001
33203	54.7000	12.7000	8030	-9.0	10	0.0000	360.0000	NaN	NaN	NaN	NaN	NaN	14732
33203	54.7000	12.7000	8030	-9.0	11	0.0000	360.0000	NaN	NaN	NaN	NaN	NaN	12747
33203	54.7000	12.7000	8030	-9.0	12	0.0000	360.0000	NaN	NaN	NaN	NaN	NaN	12452
33204	54.8833	13.8617	8030	-10.0	1	0.0000	360.0000	NaN	NaN	NaN	NaN	NaN	8542
33204	54.8833	13.8617	8030	-10.0	2	0.0000	360.0000	NaN	NaN	NaN	NaN	NaN	8415
33204	54.8833	13.8617	8030	-10.0	3	0.0000	360.0000	NaN	NaN	NaN	NaN	NaN	8850
33204	54.8833	13.8617	8030	-10.0	4	0.0000	360.0000	NaN	NaN	NaN	NaN	NaN	8130
33204	54.8833	13.8617	8030	-10.0	5	0.0000	360.0000	NaN	NaN	NaN	NaN	NaN	8780
33204	54.8833	13.8617	8030	-10.0	6	0.0000	360.0000	NaN	NaN	NaN	NaN	NaN	8733
33204	54.8833	13.8617	8030	-10.0	7	0.0000	360.0000	NaN	NaN	NaN	NaN	NaN	8960
33204	54.8833	13.8617	8030	-10.0	8	0.0000	360.0000	NaN	NaN	NaN	NaN	NaN	9003
33204	54.8833	13.8617	8030	-10.0	9	0.0000	360.0000	NaN	NaN	NaN	NaN	NaN	9071
33204	54.8833	13.8617	8030	-10.0	10	0.0000	360.0000	NaN	NaN	NaN	NaN	NaN	10317
33204	54.8833	13.8617	8030	-10.0	11	0.0000	360.0000	NaN	NaN	NaN	NaN	NaN	9518
33204	54.8833	13.8617	8030	-10.0	12	0.0000	360.0000	NaN	NaN	NaN	NaN	NaN	9546
33205	54.0833	14.1667	8030	-9.0	1	0.0000	360.0000	NaN	NaN	NaN	NaN	NaN	4774
33205	54.0833	14.1667	8030	-9.0	2	0.0000	360.0000	NaN	NaN	NaN	NaN	NaN	2584
33205	54.0833	14.1667	8030	-9.0	3	0.0000	360.0000	NaN	NaN	NaN	NaN	NaN	3438
33205	54.0833	14.1667	8030	-9.0	4	0.0000	360.0000	NaN	NaN	NaN	NaN	NaN	4986
33205	54.0833	14.1667	8030	-9.0	5	0.0000	360.0000	NaN	NaN	NaN	NaN	NaN	7880
33205	54.0833	14.1667	8030	-9.0	6	0.0000	360.0000	NaN	NaN	NaN	NaN	NaN	9453
33205	54.0833	14.1667	8030	-9.0	7	0.0000	360.0000	NaN	NaN	NaN	NaN	NaN	10841
33205	54.0833	14.1667	8030	-9.0	8	0.0000	360.0000	NaN	NaN	NaN	NaN	NaN	11054
33205	54.0833	14.1667	8030	-9.0	9	0.0000	360.0000	NaN	NaN	NaN	NaN	NaN	11226
33205	54.0833	14.1667	8030	-9.0	10	0.0000	360.0000	NaN	NaN	NaN	NaN	NaN	11570
33205	54.0833	14.1667	8030	-9.0	11	0.0000	360.0000	NaN	NaN	NaN	NaN	NaN	10145
33205	54.0833	14.1667	8030	-9.0	12	0.0000	360.0000	NaN	NaN	NaN	NaN	NaN	8167
35007	58.4833	17.8667	8030	0.0	1	0.0000	360.0000	NaN	NaN	NaN	NaN	NaN	180
35007	58.4833	17.8667	8030	0.0	2	0.0000	360.0000	NaN	NaN	NaN	NaN	NaN	165
35007	58.4833	17.8667	8030	0.0	3	0.0000	360.0000	NaN	NaN	NaN	NaN	NaN	178
35007	58.4833	17.8667	8030	0.0	4	0.0000	360.0000	NaN	NaN	NaN	NaN	NaN	184
35007	58.4833	17.8667	8030	0.0	5	0.0000	360.0000	NaN	NaN	NaN	NaN	NaN	199
35007	58.4833	17.8667	8030	0.0	6	0.0000	360.0000	NaN	NaN	NaN	NaN	NaN	196
35007	58.4833	17.8667	8030	0.0	7	0.0000	360.0000	NaN	NaN	NaN	NaN	NaN	210
35007	58.4833	17.8667	8030	0.0	8	0.0000	360.0000	NaN	NaN	NaN	NaN	NaN	208
35007	58.4833	17.8667	8030	0.0	9	0.0000	360.0000	NaN	NaN	NaN	NaN	NaN	199
35007	58.4833	17.8667	8030	0.0	10	0.0000	360.0000	NaN	NaN	NaN	NaN	NaN	208
35007	58.4833	17.8667	8030	0.0	11	0.0000	360.0000	NaN	NaN	NaN	NaN	NaN	205
35007	58.4833	17.8667	8030	0.0	12	0.0000	360.0000	NaN	NaN	NaN	NaN	NaN	211
35009	55.9500	15.7000	8030	0.0	1	0.0000	360.0000	NaN	NaN	NaN	NaN	NaN	0
35009	55.9500	15.7000	8030	0.0	2	0.0000	360.0000	NaN	NaN	NaN	NaN	NaN	0
35009	55.9500	15.7000	8030	0.0	3	0.0000	360.0000	NaN	NaN	NaN	NaN	NaN	0
35009	55.9500	15.7000	8030	0.0	4	0.0000	360.0000	NaN	NaN	NaN	NaN	NaN	0
35009	55.9500	15.7000	8030	0.0	5	0.0000	360.0000	NaN	NaN	NaN	NaN	NaN	0
35009	55.9500	15.7000	8030	0.0	6	0.0000	360.0000	NaN	NaN	NaN	NaN	NaN	0
35009	55.9500	15.7000	8030	0.0	7	0.0000	360.0000	NaN	NaN	NaN	NaN	NaN	0
35009	55.9500	15.7000	8030	0.0	8	0.0000	360.0000	NaN	NaN	NaN	NaN	NaN	0
35009	55.9500	15.7000	8030	0.0	9	0.0000	360.0000	NaN	NaN	NaN	NaN	NaN	0
35009	55.9500	15.7000	8030	0.0	10	0.0000	360.0000	NaN	NaN	NaN	NaN	NaN	0
35009	55.9500	15.7000	8030	0.0	11	0.0000	360.0000	NaN	NaN	NaN	NaN	NaN	0
35009	55.9500	15.7000	8030	0.0	12	0.0000	360.0000	NaN	NaN	NaN	NaN	NaN	0
35014	57.1000	12.2167	8030	0.0	1	0.0000	360.0000	NaN	NaN	NaN	NaN	NaN	0
35014	57.1000	12.2167	8030	0.0	2	0.0000	360.0000	NaN	NaN	NaN	NaN	NaN	0
35014	57.1000	12.2167	8030	0.0	3	0.0000	360.0000	NaN	NaN	NaN	NaN	NaN	0
35014	57.1000	12.2167	8030	0.0	4	0.0000	360.0000	NaN	NaN	NaN	NaN	NaN	0
35014	57.1000	12.2167	8030	0.0	5	0.0000	360.0000	NaN	NaN	NaN	NaN	NaN	0
35014	57.1000	12.2167	8030	0.0	6	0.0000	360.0000	NaN	NaN	NaN	NaN	NaN	0
35014	57.1000	12.2167	8030	0.0	7	0.0000	360.0000	NaN	NaN	NaN	NaN	NaN	0
35014	57.1000	12.2167	8030	0.0	8	0.0000	360.0000	NaN	NaN	NaN	NaN	NaN	0
35014	57.1000	12.2167	8030	0.0	9	0.0000	360.0000	NaN	NaN	NaN	NaN	NaN	0
35014	57.1000	12.2167	8030	0.0	10	0.0000	360.0000	NaN	NaN	NaN	NaN	NaN	0
35014	57.1000	12.2167	8030	0.0	11	0.0000	360.0000	NaN	NaN	NaN	NaN	NaN	0
35014	57.1000	12.2167	8030	0.0	12	0.0000	360.0000	NaN	NaN	NaN	NaN	NaN	0
35018	57.9333	11.6500	8030	0.0	1	0.0000	360.0000	NaN	NaN	NaN	NaN	NaN	0
35018	57.9333	11.6500	8030	0.0	2	0.0000	360.0000	NaN	NaN	NaN	NaN	NaN	0
35018	57.9333	11.6500	8030	0.0	3	0.0000	360.0000	NaN	NaN	NaN	NaN	NaN	0
35018	57.9333	11.6500	8030	0.0	4	0.0000	360.0000	NaN	NaN	NaN	NaN	NaN	0
35018	57.9333	11.6500	8030	0.0	5	0.0000	360.0000	NaN	NaN	NaN	NaN	NaN	0
35018	57.9333	11.6500	8030	0.0	6	0.0000	360.0000	NaN	NaN	NaN	NaN	NaN	0
35018	57.9333	11.6500	8030	0.0	7	0.0000	360.0000	NaN	NaN	NaN	NaN	NaN	0
35018	57.9333	11.6500	8030	0.0	8	0.0000	360.0000	NaN	NaN	NaN	NaN	NaN	0
35018	57.9333	11.6500	8030	0.0	9	0.0000	360.0000	NaN	NaN	NaN	NaN	NaN	0
35018	57.9333	11.6500	8030	0.0	10	0.0000	360.0000	NaN	NaN	NaN	NaN	NaN	0
35018	57.9333	11.6500	8030	0.0	11	0.0000	360.0000	NaN	NaN	NaN	NaN	NaN	0
35018	57.9333	11.6500	8030	0.0	12	0.0000	360.0000	NaN	NaN	NaN	NaN	NaN	0
35019	58.3833	11.5833	8030	0.0	1	0.0000	360.0000	NaN	NaN	NaN	NaN	NaN	0
35019	58.3833	11.5833	8030	0.0	2	0.0000	360.0000	NaN	NaN	NaN	NaN	NaN	0
35019	58.3833	11.5833	8030	0.0	3	0.0000	360.0000	NaN	NaN	NaN	NaN	NaN	0
35019	58.3833	11.5833	8030	0.0	4	0.0000	360.0000	NaN	NaN	NaN	NaN	NaN	0
35019	58.3833	11.5833	8030	0.0	5	0.0000	360.0000	NaN	NaN	NaN	NaN	NaN	0
35019	58.3833	11.5833	8030	0.0	6	0.0000	360.0000	NaN	NaN	NaN	NaN	NaN	0
35019	58.3833	11.5833	8030	0.0	7	0.0000	360.0000	NaN	NaN	NaN	NaN	NaN	0
35019	58.3833	11.5833	8030	0.0	8	0.0000	360.0000	NaN	NaN	NaN	NaN	NaN	0
35019	58.3833	11.5833	8030	0.0	9	0.0000	360.0000	NaN	NaN	NaN	NaN	NaN	0
35019	58.3833	11.5833	8030	0.0	10	0.0000	360.0000	NaN	NaN	NaN	NaN	NaN	0
35019	58.3833	11.5833	8030	0.0	11	0.0000	360.0000	NaN	NaN	NaN	NaN	NaN	0
35019	58.3833	11.5833	8030	0.0	12	0.0000	360.0000	NaN	NaN	NaN	NaN	NaN	0
35020	58.5333	11.0333	8030	0.0	1	0.0000	360.0000	NaN	NaN	NaN	NaN	NaN	0
35020	58.5333	11.0333	8030	0.0	2	0.0000	360.0000	NaN	NaN	NaN	NaN	NaN	0
35020	58.5333	11.0333	8030	0.0	3	0.0000	360.0000	NaN	NaN	NaN	NaN	NaN	0
35020	58.5333	11.0333	8030	0.0	4	0.0000	360.0000	NaN	NaN	NaN	NaN	NaN	0
35020	58.5333	11.0333	8030	0.0	5	0.0000	360.0000	NaN	NaN	NaN	NaN	NaN	0
35020	58.5333	11.0333	8030	0.0	6	0.0000	360.0000	NaN	NaN	NaN	NaN	NaN	0
35020	58.5333	11.0333	8030	0.0	7	0.0000	360.0000	NaN	NaN	NaN	NaN	NaN	0
35020	58.5333	11.0333	8030	0.0	8	0.0000	360.0000	NaN	NaN	NaN	NaN	NaN	0
35020	58.5333	11.0333	8030	0.0	9	0.0000	360.0000	NaN	NaN	NaN	NaN	NaN	0
35020	58.5333	11.0333	8030	0.0	10	0.0000	360.0000	NaN	NaN	NaN	NaN	NaN	0
35020	58.5333	11.0333	8030	0.0	11	0.0000	360.0000	NaN	NaN	NaN	NaN	NaN	0
35020	58.5333	11.0333	8030	0.0	12	0.0000	360.0000	NaN	NaN	NaN	NaN	NaN	0
35022	58.9667	11.1167	8030	0.0	1	0.0000	360.0000	NaN	NaN	NaN	NaN	NaN	150
35022	58.9667	11.1167	8030	0.0	2	0.0000	360.0000	NaN	NaN	NaN	NaN	NaN	85
35022	58.9667	11.1167	8030	0.0	3	0.0000	360.0000	NaN	NaN	NaN	NaN	NaN	93
35022	58.9667	11.1167	8030	0.0	4	0.0000	360.0000	NaN	NaN	NaN	NaN	NaN	122
35022	58.9667	11.1167	8030	0.0	5	0.0000	360.0000	NaN	NaN	NaN	NaN	NaN	109
35022	58.9667	11.1167	8030	0.0	6	0.0000	360.0000	NaN	NaN	NaN	NaN	NaN	77
35022	58.9667	11.1167	8030	0.0	7	0.0000	360.0000	NaN	NaN	NaN	NaN	NaN	155
35022	58.9667	11.1167	8030	0.0	8	0.0000	360.0000	NaN	NaN	NaN	NaN	NaN	155
35022	58.9667	11.1167	8030	0.0	9	0.0000	360.0000	NaN	NaN	NaN	NaN	NaN	168
35022	58.9667	11.1167	8030	0.0	10	0.0000	360.0000	NaN	NaN	NaN	NaN	NaN	185
35022	58.9667	11.1167	8030	0.0	11	0.0000	360.0000	NaN	NaN	NaN	NaN	NaN	165
35022	58.9667	11.1167	8030	0.0	12	0.0000	360.0000	NaN	NaN	NaN	NaN	NaN	154
35054	59.4667	20.3500	8030	0.0	1	0.0000	360.0000	NaN	NaN	NaN	NaN	NaN	6673
35054	59.4667	20.3500	8030	0.0	2	0.0000	360.0000	NaN	NaN	NaN	NaN	NaN	4830
35054	59.4667	20.3500	8030	0.0	3	0.0000	360.0000	NaN	NaN	NaN	NaN	NaN	4549
35054	59.4667	20.3500	8030	0.0	4	0.0000	360.0000	NaN	NaN	NaN	NaN	NaN	6641
35054	59.4667	20.3500	8030	0.0	5	0.0000	360.0000	NaN	NaN	NaN	NaN	NaN	5418
35054	59.4667	20.3500	8030	0.0	6	0.0000	360.0000	NaN	NaN	NaN	NaN	NaN	5626
35054	59.4667	20.3500	8030	0.0	7	0.0000	360.0000	NaN	NaN	NaN	NaN	NaN	6132
35054	59.4667	20.3500	8030	0.0	8	0.0000	360.0000	NaN	NaN	NaN	NaN	NaN	6355
35054	59.4667	20.3500	8030	0.0	9	0.0000	360.0000	NaN	NaN	NaN	NaN	NaN	5816
35054	59.4667	20.3500	8030	0.0	10	0.0000	360.0000	NaN	NaN	NaN	NaN	NaN	5925
35054	59.4667	20.3500	8030	0.0	11	0.0000	360.0000	NaN	NaN	NaN	NaN	NaN	6556
35054	59.4667	20.3500	8030	0.0	12	0.0000	360.0000	NaN	NaN	NaN	NaN	NaN	6503
35056	59.1500	19.1333	8030	0.0	1	0.0000	360.0000	NaN	NaN	NaN	NaN	NaN	13869
35056	59.1500	19.1333	8030	0.0	2	0.0000	360.0000	NaN	NaN	NaN	NaN	NaN	12712
35056	59.1500	19.1333	8030	0.0	3	0.0000	360.0000	NaN	NaN	NaN	NaN	NaN	13109
35056	59.1500	19.1333	8030	0.0	4	0.0000	360.0000	NaN	NaN	NaN	NaN	NaN	14338
35056	59.1500	19.1333	8030	0.0	5	0.0000	360.0000	NaN	NaN	NaN	NaN	NaN	13986
35056	59.1500	19.1333	8030	0.0	6	0.0000	360.0000	NaN	NaN	NaN	NaN	NaN	13582
35056	59.1500	19.1333	8030	0.0	7	0.0000	360.0000	NaN	NaN	NaN	NaN	NaN	14184
35056	59.1500	19.1333	8030	0.0	8	0.0000	360.0000	NaN	NaN	NaN	NaN	NaN	13771
35056	59.1500	19.1333	8030	0.0	9	0.0000	360.0000	NaN	NaN	NaN	NaN	NaN	13352
35056	59.1500	19.1333	8030	0.0	10	0.0000	360.0000	NaN	NaN	NaN	NaN	NaN	14452
35056	59.1500	19.1333	8030	0.0	11	0.0000	360.0000	NaN	NaN	NaN	NaN	NaN	14218
35056	59.1500	19.1333	8030	0.0	12	0.0000	360.0000	NaN	NaN	NaN	NaN	NaN	13931
35057	58.6000	17.4667	8030	0.0	1	0.0000	360.0000	NaN	NaN	NaN	NaN	NaN	7992
35057	58.6000	17.4667	8030	0.0	2	0.0000	360.0000	NaN	NaN	NaN	NaN	NaN	7392
35057	58.6000	17.4667	8030	0.0	3	0.0000	360.0000	NaN	NaN	NaN	NaN	NaN	8097
35057	58.6000	17.4667	8030	0.0	4	0.0000	360.0000	NaN	NaN	NaN	NaN	NaN	8578
35057	58.6000	17.4667	8030	0.0	5	0.0000	360.0000	NaN	NaN	NaN	NaN	NaN	7389
35057	58.6000	17.4667	8030	0.0	6	0.0000	360.0000	NaN	NaN	NaN	NaN	NaN	7308
35057	58.6000	17.4667	8030	0.0	7	0.0000	360.0000	NaN	NaN	NaN	NaN	NaN	8721
35057	58.6000	17.4667	8030	0.0	8	0.0000	360.0000	NaN	NaN	NaN	NaN	NaN	8071
35057	58.6000	17.4667	8030	0.0	9	0.0000	360.0000	NaN	NaN	NaN	NaN	NaN	7471
35057	58.6000	17.4667	8030	0.0	10	0.0000	360.0000	NaN	NaN	NaN	NaN	NaN	8885
35057	58.6000	17.4667	8030	0.0	11	0.0000	360.0000	NaN	NaN	NaN	NaN	NaN	8577
35057	58.6000	17.4667	8030	0.0	12	0.0000	360.0000	NaN	NaN	NaN	NaN	NaN	7905
35063	56.0667	16.6833	8030	0.0	1	0.0000	360.0000	NaN	NaN	NaN	NaN	NaN	7705
35063	56.0667	16.6833	8030	0.0	2	0.0000	360.0000	NaN	NaN	NaN	NaN	NaN	7889
35063	56.0667	16.6833	8030	0.0	3	0.0000	360.0000	NaN	NaN	NaN	NaN	NaN	9644
35063	56.0667	16.6833	8030	0.0	4	0.0000	360.0000	NaN	NaN	NaN	NaN	NaN	8133
35063	56.0667	16.6833	8030	0.0	5	0.0000	360.0000	NaN	NaN	NaN	NaN	NaN	8376
35063	56.0667	16.6833	8030	0.0	6	0.0000	360.0000	NaN	NaN	NaN	NaN	NaN	7841
35063	56.0667	16.6833	8030	0.0	7	0.0000	360.0000	NaN	NaN	NaN	NaN	NaN	9502
35063	56.0667	16.6833	8030	0.0	8	0.0000	360.0000	NaN	NaN	NaN	NaN	NaN	9069
35063	56.0667	16.6833	8030	0.0	9	0.0000	360.0000	NaN	NaN	NaN	NaN	NaN	8214
35063	56.0667	16.6833	8030	0.0	10	0.0000	360.0000	NaN	NaN	NaN	NaN	NaN	8209
35063	56.0667	16.6833	8030	0.0	11	0.0000	360.0000	NaN	NaN	NaN	NaN	NaN	8502
35063	56.0667	16.6833	8030	0.0	12	0.0000	360.0000	NaN	NaN	NaN	NaN	NaN	8723
35067	55.6000	12.8500	8030	0.0	1	0.0000	360.0000	NaN	NaN	NaN	NaN	NaN	9092
35067	55.6000	12.8500	8030	0.0	2	0.0000	360.0000	NaN	NaN	NaN	NaN	NaN	9765
35067	55.6000	12.8500	8030	0.0	3	0.0000	360.0000	NaN	NaN	NaN	NaN	NaN	9628
35067	55.6000	12.8500	8030	0.0	4	0.0000	360.0000	NaN	NaN	NaN	NaN	NaN	9757
35067	55.6000	12.8500	8030	0.0	5	0.0000	360.0000	NaN	NaN	NaN	NaN	NaN	9145
35067	55.6000	12.8500	8030	0.0	6	0.0000	360.0000	NaN	NaN	NaN	NaN	NaN	8834
35067	55.6000	12.8500	8030	0.0	7	0.0000	360.0000	NaN	NaN	NaN	NaN	NaN	8314
35067	55.6000	12.8500	8030	0.0	8	0.0000	360.0000	NaN	NaN	NaN	NaN	NaN	9038
35067	55.6000	12.8500	8030	0.0	9	0.0000	360.0000	NaN	NaN	NaN	NaN	NaN	9497
35067	55.6000	12.8500	8030	0.0	10	0.0000	360.0000	NaN	NaN	NaN	NaN	NaN	9270
35067	55.6000	12.8500	8030	0.0	11	0.0000	360.0000	NaN	NaN	NaN	NaN	NaN	9801
35067	55.6000	12.8500	8030	0.0	12	0.0000	360.0000	NaN	NaN	NaN	NaN	NaN	9408
35068	57.2167	11.8333	8030	0.0	1	0.0000	360.0000	NaN	NaN	NaN	NaN	NaN	467
35068	57.2167	11.8333	8030	0.0	2	0.0000	360.0000	NaN	NaN	NaN	NaN	NaN	958
35068	57.2167	11.8333	8030	0.0	3	0.0000	360.0000	NaN	NaN	NaN	NaN	NaN	518
35068	57.2167	11.8333	8030	0.0	4	0.0000	360.0000	NaN	NaN	NaN	NaN	NaN	633
35068	57.2167	11.8333	8030	0.0	5	0.0000	360.0000	NaN	NaN	NaN	NaN	NaN	719
35068	57.2167	11.8333	8030	0.0	6	0.0000	360.0000	NaN	NaN	NaN	NaN	NaN	1054
35068	57.2167	11.8333	8030	0.0	7	0.0000	360.0000	NaN	NaN	NaN	NaN	NaN	1581
35068	57.2167	11.8333	8030	0.0	8	0.0000	360.0000	NaN	NaN	NaN	NaN	NaN	1165
35068	57.2167	11.8333	8030	0.0	9	0.0000	360.0000	NaN	NaN	NaN	NaN	NaN	724
35068	57.2167	11.8333	8030	0.0	10	0.0000	360.0000	NaN	NaN	NaN	NaN	NaN	751
35068	57.2167	11.8333	8030	0.0	11	0.0000	360.0000	NaN	NaN	NaN	NaN	NaN	710
35068	57.2167	11.8333	8030	0.0	12	0.0000	360.0000	NaN	NaN	NaN	NaN	NaN	798
35070	57.6000	11.6333	8030	0.0	1	0.0000	360.0000	NaN	NaN	NaN	NaN	NaN	14313
35070	57.6000	11.6333	8030	0.0	2	0.0000	360.0000	NaN	NaN	NaN	NaN	NaN	13257
35070	57.6000	11.6333	8030	0.0	3	0.0000	360.0000	NaN	NaN	NaN	NaN	NaN	15723
35070	57.6000	11.6333	8030	0.0	4	0.0000	360.0000	NaN	NaN	NaN	NaN	NaN	15581
35070	57.6000	11.6333	8030	0.0	5	0.0000	360.0000	NaN	NaN	NaN	NaN	NaN	13751
35070	57.6000	11.6333	8030	0.0	6	0.0000	360.0000	NaN	NaN	NaN	NaN	NaN	13708
35070	57.6000	11.6333	8030	0.0	7	0.0000	360.0000	NaN	NaN	NaN	NaN	NaN	14580
35070	57.6000	11.6333	8030	0.0	8	0.0000	360.0000	NaN	NaN	NaN	NaN	NaN	15838
35070	57.6000	11.6333	8030	0.0	9	0.0000	360.0000	NaN	NaN	NaN	NaN	NaN	14358
35070	57.6000	11.6333	8030	0.0	10	0.0000	360.0000	NaN	NaN	NaN	NaN	NaN	13368
35070	57.6000	11.6333	8030	0.0	11	0.0000	360.0000	NaN	NaN	NaN	NaN	NaN	14850
35070	57.6000	11.6333	8030	0.0	12	0.0000	360.0000	NaN	NaN	NaN	NaN	NaN	15494
35073	58.7903	13.2506	8030	0.0	1	0.0000	360.0000	NaN	NaN	NaN	NaN	NaN	1428
35073	58.7903	13.2506	8030	0.0	2	0.0000	360.0000	NaN	NaN	NaN	NaN	NaN	1317
35073	58.7903	13.2506	8030	0.0	3	0.0000	360.0000	NaN	NaN	NaN	NaN	NaN	1479
35073	58.7903	13.2506	8030	0.0	4	0.0000	360.0000	NaN	NaN	NaN	NaN	NaN	1405
35073	58.7903	13.2506	8030	0.0	5	0.0000	360.0000	NaN	NaN	NaN	NaN	NaN	1452
35073	58.7903	13.2506	8030	0.0	6	0.0000	360.0000	NaN	NaN	NaN	NaN	NaN	1403
35073	58.7903	13.2506	8030	0.0	7	0.0000	360.0000	NaN	NaN	NaN	NaN	NaN	1445
35073	58.7903	13.2506	8030	0.0	8	0.0000	360.0000	NaN	NaN	NaN	NaN	NaN	762
35073	58.7903	13.2506	8030	0.0	9	0.0000	360.0000	NaN	NaN	NaN	NaN	NaN	644
35073	58.7903	13.2506	8030	0.0	10	0.0000	360.0000	NaN	NaN	NaN	NaN	NaN	725
35073	58.7903	13.2506	8030	0.0	11	0.0000	360.0000	NaN	NaN	NaN	NaN	NaN	693
35073	58.7903	13.2506	8030	0.0	12	0.0000	360.0000	NaN	NaN	NaN	NaN	NaN	1431
