1	8181	3.0	1	0	5	0	0	0.2	0.3	180	60	0.005	3	1500	0.1	0
1	8181	3.0	2	0	5	0	0	0.2	0.3	180	60	0.005	3	1500	0.1	0
1	8181	3.0	3	0	5	0	0	0.2	0.3	180	60	0.005	3	1500	0.1	0
1	8181	3.0	4	0	5	0	0	0.2	0.3	180	60	0.005	3	1500	0.1	0
1	8181	3.0	5	0	5	0	0	0.2	0.3	180	60	0.005	3	1500	0.1	0
1	8181	3.0	6	0	5	0	0	0.2	0.3	180	60	0.005	3	1500	0.1	0
1	8181	3.0	7	0	5	0	0	0.2	0.3	180	60	0.005	3	1500	0.1	0
1	8181	3.0	8	0	5	0	0	0.2	0.3	180	60	0.005	3	1500	0.1	0
1	8181	3.0	9	0	5	0	0	0.2	0.3	180	60	0.015	3	1500	0.1	0
1	8181	3.0	10	0	5	0	0	0.2	0.3	180	60	0.005	3	1500	0.1	0
1	8181	3.0	11	0	5	0	0	0.2	0.3	180	60	0.005	3	1500	0.1	0
1	8181	3.0	12	0	5	0	0	0.2	0.3	180	60	0.005	3	1500	0.1	0
2	8181	3.0	1	0	7	0	0	0.2	0.3	180	60	0.005	3	1500	0.1	0
2	8181	3.0	2	0	7	0	0	0.2	0.3	180	60	0.005	3	1500	0.1	0
2	8181	3.0	3	0	7	0	0	0.2	0.3	180	60	0.005	3	1500	0.1	0
2	8181	3.0	4	0	7	0	0	0.2	0.3	180	60	0.005	3	1500	0.1	0
2	8181	3.0	5	0	7	0	0	0.2	0.3	180	60	0.005	3	1500	0.1	0
2	8181	3.0	6	0	7	0	0	0.2	0.3	180	60	0.005	3	1500	0.1	0
2	8181	3.0	7	0	7	0	0	0.2	0.3	180	60	0.005	3	1500	0.1	0
2	8181	3.0	8	0	7	0	0	0.2	0.3	180	60	0.005	3	1500	0.1	0
2	8181	3.0	9	0	7	0	0	0.2	0.3	180	60	0.005	3	1500	0.1	0
2	8181	3.0	10	0	7	0	0	0.2	0.3	180	60	0.005	3	1500	0.1	0
2	8181	3.0	11	0	7	0	0	0.2	0.3	180	60	0.005	3	1500	0.1	0
2	8181	3.0	12	0	7	0	0	0.2	0.3	180	60	0.005	3	1500	0.1	0
3	8181	3.0	1	5	12	0	0	0.2	0.3	180	60	0.001	3	1500	0.1	0
3	8181	3.0	2	5	12	0	0	0.2	0.3	180	60	0.001	3	1500	0.1	0
3	8181	3.0	3	5	12	0	0	0.2	0.3	180	60	0.001	3	1500	0.1	0
3	8181	3.0	4	5	12	0	0	0.2	0.3	180	60	0.001	3	1500	0.1	0
3	8181	3.0	5	5	12	0	0	0.2	0.3	180	60	0.001	3	1500	0.1	0
3	8181	3.0	6	5	12	0	0	0.2	0.3	180	60	0.001	3	1500	0.1	0
3	8181	3.0	7	5	12	0	0	0.2	0.3	180	60	0.001	3	1500	0.1	0
3	8181	3.0	8	5	12	0	0	0.2	0.3	180	60	0.001	3	1500	0.1	0
3	8181	3.0	9	5	12	0	0	0.2	0.3	180	60	0.001	3	1500	0.1	0
3	8181	3.0	10	5	12	0	0	0.2	0.3	180	60	0.001	3	1500	0.1	0
3	8181	3.0	11	5	12	0	0	0.2	0.3	180	60	0.001	3	1500	0.1	0
3	8181	3.0	12	5	12	0	0	0.2	0.3	180	60	0.001	3	1500	0.1	0
4	8181	3.0	1	5	25	0	0	0.2	0.3	180	60	0.005	3	1500	0.1	0
4	8181	3.0	2	5	25	0	0	0.2	0.3	180	60	0.005	3	1500	0.1	0
4	8181	3.0	3	5	25	0	0	0.2	0.3	180	60	0.005	3	1500	0.1	0
4	8181	3.0	4	5	25	0	0	0.2	0.3	180	60	0.005	3	1500	0.1	0
4	8181	3.0	5	5	25	0	0	0.2	0.3	180	60	0.005	3	1500	0.1	0
4	8181	3.0	6	5	25	0	0	0.2	0.3	180	60	0.005	3	1500	0.1	0
4	8181	3.0	7	5	25	0	0	0.2	0.3	180	60	0.005	3	1500	0.1	0
4	8181	3.0	8	5	25	0	0	0.2	0.3	180	60	0.005	3	1500	0.1	0
4	8181	3.0	9	5	25	0	0	0.2	0.3	180	60	0.005	3	1500	0.1	0
4	8181	3.0	10	5	25	0	0	0.2	0.3	180	60	0.005	3	1500	0.1	0
4	8181	3.0	11	5	25	0	0	0.2	0.3	180	60	0.005	3	1500	0.1	0
4	8181	3.0	12	5	25	0	0	0.2	0.3	180	60	0.005	3	1500	0.1	0
5	8181	3.0	1	15	36	0	0	0.2	0.3	180	60	0.005	3	1500	0.1	0
5	8181	3.0	2	15	36	0	0	0.2	0.3	180	60	0.005	3	1500	0.1	0
5	8181	3.0	3	15	36	0	0	0.2	0.3	180	60	0.005	3	1500	0.1	0
5	8181	3.0	4	15	36	0	0	0.2	0.3	180	60	0.005	3	1500	0.1	0
5	8181	3.0	5	15	36	0	0	0.2	0.3	180	60	0.005	3	1500	0.1	0
5	8181	3.0	6	15	36	0	0	0.2	0.3	180	60	0.005	3	1500	0.1	0
5	8181	3.0	7	15	36	0	0	0.2	0.3	180	60	0.005	3	1500	0.1	0
5	8181	3.0	8	15	36	0	0	0.2	0.3	180	60	0.005	3	1500	0.1	0
5	8181	3.0	9	15	36	0	0	0.2	0.3	180	60	0.005	3	1500	0.1	0
5	8181	3.0	10	15	36	0	0	0.2	0.3	180	60	0.005	3	1500	0.1	0
5	8181	3.0	11	15	36	0	0	0.2	0.3	180	60	0.005	3	1500	0.1	0
5	8181	3.0	12	15	36	0	0	0.2	0.3	180	60	0.005	3	1500	0.1	0
6	8181	3.0	1	20	36	0	0	0.2	0.3	180	60	0.005	3	1500	0.1	0
6	8181	3.0	2	20	36	0	0	0.2	0.3	180	60	0.005	3	1500	0.1	0
6	8181	3.0	3	20	36	0	0	0.2	0.3	180	60	0.005	3	1500	0.1	0
6	8181	3.0	4	20	36	0	0	0.2	0.3	180	60	0.005	3	1500	0.1	0
6	8181	3.0	5	20	36	0	0	0.2	0.3	180	60	0.005	3	1500	0.1	0
6	8181	3.0	6	20	36	0	0	0.2	0.3	180	60	0.005	3	1500	0.1	0
6	8181	3.0	7	20	36	0	0	0.2	0.3	180	60	0.005	3	1500	0.1	0
6	8181	3.0	8	20	36	0	0	0.2	0.3	180	60	0.005	3	1500	0.1	0
6	8181	3.0	9	20	36	0	0	0.2	0.3	180	60	0.005	3	1500	0.1	0
6	8181	3.0	10	20	36	0	0	0.2	0.3	180	60	0.005	3	1500	0.1	0
6	8181	3.0	11	20	36	0	0	0.2	0.3	180	60	0.005	3	1500	0.1	0
6	8181	3.0	12	20	36	0	0	0.2	0.3	180	60	0.005	3	1500	0.1	0
7	8181	3.0	1	20	36	0	0	0.2	0.3	180	60	0.005	3	1500	0.1	0
7	8181	3.0	2	20	36	0	0	0.2	0.3	180	60	0.005	3	1500	0.1	0
7	8181	3.0	3	20	36	0	0	0.2	0.3	180	60	0.005	3	1500	0.1	0
7	8181	3.0	4	20	36	0	0	0.2	0.3	180	60	0.005	3	1500	0.1	0
7	8181	3.0	5	20	36	0	0	0.2	0.3	180	60	0.005	3	1500	0.1	0
7	8181	3.0	6	20	36	0	0	0.2	0.3	180	60	0.005	3	1500	0.1	0
7	8181	3.0	7	20	36	0	0	0.2	0.3	180	60	0.005	3	1500	0.1	0
7	8181	3.0	8	20	36	0	0	0.2	0.3	180	60	0.005	3	1500	0.1	0
7	8181	3.0	9	20	36	0	0	0.2	0.3	180	60	0.005	3	1500	0.1	0
7	8181	3.0	10	20	36	0	0	0.2	0.3	180	60	0.005	3	1500	0.1	0
7	8181	3.0	11	20	36	0	0	0.2	0.3	180	60	0.005	3	1500	0.1	0
7	8181	3.0	12	20	36	0	0	0.2	0.3	180	60	0.005	3	1500	0.1	0
