35001	63.3167	20.1667	8031	0.0	1	0.0000	30.0000	7.7790	5.9956	NaN	NaN	NaN	485
35001	63.3167	20.1667	8031	0.0	2	0.0000	26.8000	12.5000	9.8204	NaN	NaN	NaN	4
35001	63.3167	20.1667	8031	0.0	3	0.0000	9.4000	5.2632	3.0981	NaN	NaN	NaN	19
35001	63.3167	20.1667	8031	0.0	4	0.0000	15.5000	4.8318	3.7816	NaN	NaN	NaN	129
35001	63.3167	20.1667	8031	0.0	5	0.0000	26.8000	3.9497	3.8349	NaN	NaN	NaN	1472
35001	63.3167	20.1667	8031	0.0	6	0.0000	35.0000	3.7565	3.9148	NaN	NaN	NaN	3463
35001	63.3167	20.1667	8031	0.0	7	0.0000	26.8000	3.8825	3.8827	NaN	NaN	NaN	3828
35001	63.3167	20.1667	8031	0.0	8	0.0000	26.8000	4.7927	4.4170	NaN	NaN	NaN	3834
35001	63.3167	20.1667	8031	0.0	9	0.0000	35.0000	6.0972	5.2056	NaN	NaN	NaN	3773
35001	63.3167	20.1667	8031	0.0	10	0.0000	35.0000	7.0466	5.8466	NaN	NaN	NaN	3896
35001	63.3167	20.1667	8031	0.0	11	0.0000	35.0000	7.8006	6.2837	NaN	NaN	NaN	2876
35001	63.3167	20.1667	8031	0.0	12	0.0000	30.0000	8.2918	5.7667	NaN	NaN	NaN	1247
35002	61.0333	18.5167	8031	0.0	1	0.0000	35.0000	7.9231	5.2585	NaN	NaN	NaN	1719
35002	61.0333	18.5167	8031	0.0	2	0.0000	30.0000	7.4210	5.3922	NaN	NaN	NaN	885
35002	61.0333	18.5167	8031	0.0	3	0.0000	35.0000	6.5490	5.1521	NaN	NaN	NaN	404
35002	61.0333	18.5167	8031	0.0	4	0.0000	26.8000	4.3599	3.7103	NaN	NaN	NaN	1020
35002	61.0333	18.5167	8031	0.0	5	0.0000	35.0000	3.6104	3.1975	NaN	NaN	NaN	3353
35002	61.0333	18.5167	8031	0.0	6	0.0000	26.8000	3.4283	3.0169	NaN	NaN	NaN	4756
35002	61.0333	18.5167	8031	0.0	7	0.0000	22.6000	3.6639	3.1348	NaN	NaN	NaN	4862
35002	61.0333	18.5167	8031	0.0	8	0.0000	26.8000	4.5643	3.8547	NaN	NaN	NaN	4901
35002	61.0333	18.5167	8031	0.0	9	0.0000	30.0000	5.4677	4.5551	NaN	NaN	NaN	4496
35002	61.0333	18.5167	8031	0.0	10	0.0000	35.0000	6.0820	4.8492	NaN	NaN	NaN	4620
35002	61.0333	18.5167	8031	0.0	11	0.0000	35.0000	6.6003	5.0734	NaN	NaN	NaN	4415
35002	61.0333	18.5167	8031	0.0	12	0.0000	26.8000	7.5307	5.1502	NaN	NaN	NaN	2536
35003	60.5000	18.9167	8031	0.0	1	0.0000	1005.0000	14.9057	88.9476	NaN	NaN	NaN	1376
35003	60.5000	18.9167	8031	0.0	2	0.0000	30.0000	6.8755	5.7489	NaN	NaN	NaN	572
35003	60.5000	18.9167	8031	0.0	3	0.0000	30.0000	6.3297	5.6473	NaN	NaN	NaN	377
35003	60.5000	18.9167	8031	0.0	4	0.0000	1006.0000	106.2231	302.0267	NaN	NaN	NaN	1353
35003	60.5000	18.9167	8031	0.0	5	0.0000	1008.0000	68.7011	246.7649	NaN	NaN	NaN	2803
35003	60.5000	18.9167	8031	0.0	6	0.0000	1009.0000	58.8766	228.5492	NaN	NaN	NaN	3230
35003	60.5000	18.9167	8031	0.0	7	0.0000	1009.0000	59.1871	228.9732	NaN	NaN	NaN	3343
35003	60.5000	18.9167	8031	0.0	8	0.0000	1009.0000	60.6679	229.8011	NaN	NaN	NaN	3316
35003	60.5000	18.9167	8031	0.0	9	0.0000	1012.0000	63.6837	233.2224	NaN	NaN	NaN	3069
35003	60.5000	18.9167	8031	0.0	10	0.0000	1010.0000	64.9041	233.6079	NaN	NaN	NaN	3189
35003	60.5000	18.9167	8031	0.0	11	0.0000	1010.0000	65.3294	233.7024	NaN	NaN	NaN	3084
35003	60.5000	18.9167	8031	0.0	12	0.0000	1009.0000	36.5824	169.6487	NaN	NaN	NaN	2478
35004	59.5833	19.7833	8031	0.0	1	0.0000	35.0000	7.8484	5.8613	NaN	NaN	NaN	2016
35004	59.5833	19.7833	8031	0.0	2	0.0000	30.0000	7.4697	5.8889	NaN	NaN	NaN	1098
35004	59.5833	19.7833	8031	0.0	3	0.0000	26.8000	6.1368	4.8940	NaN	NaN	NaN	772
35004	59.5833	19.7833	8031	0.0	4	0.0000	30.0000	4.7505	4.2934	NaN	NaN	NaN	1957
35004	59.5833	19.7833	8031	0.0	5	0.0000	35.0000	3.6329	3.6620	NaN	NaN	NaN	3803
35004	59.5833	19.7833	8031	0.0	6	0.0000	35.0000	3.5151	3.4289	NaN	NaN	NaN	3939
35004	59.5833	19.7833	8031	0.0	7	0.0000	35.0000	3.6996	3.5239	NaN	NaN	NaN	4070
35004	59.5833	19.7833	8031	0.0	8	0.0000	35.0000	4.5421	4.2019	NaN	NaN	NaN	4045
35004	59.5833	19.7833	8031	0.0	9	0.0000	35.0000	5.5100	5.0943	NaN	NaN	NaN	3684
35004	59.5833	19.7833	8031	0.0	10	0.0000	35.0000	6.5426	5.4915	NaN	NaN	NaN	3790
35004	59.5833	19.7833	8031	0.0	11	0.0000	35.0000	7.1634	5.8417	NaN	NaN	NaN	3593
35004	59.5833	19.7833	8031	0.0	12	0.0000	35.0000	7.5251	5.7126	NaN	NaN	NaN	2899
35005	58.5833	19.1500	8031	0.0	1	0.0000	15.5000	6.5607	3.1302	NaN	NaN	NaN	28
35005	58.5833	19.1500	8031	0.0	2	0.0000	40.0000	NaN	NaN	NaN	NaN	NaN	0
35005	58.5833	19.1500	8031	0.0	3	0.0000	19.0000	5.8633	4.3867	NaN	NaN	NaN	109
35005	58.5833	19.1500	8031	0.0	4	0.0000	26.8000	4.6169	4.1327	NaN	NaN	NaN	1145
35005	58.5833	19.1500	8031	0.0	5	0.0000	26.8000	4.0978	3.5485	NaN	NaN	NaN	1778
35005	58.5833	19.1500	8031	0.0	6	0.0000	26.8000	3.9565	3.5526	NaN	NaN	NaN	1803
35005	58.5833	19.1500	8031	0.0	7	0.0000	26.8000	4.2405	3.5393	NaN	NaN	NaN	1911
35005	58.5833	19.1500	8031	0.0	8	0.0000	30.0000	4.9415	3.9588	NaN	NaN	NaN	2014
35005	58.5833	19.1500	8031	0.0	9	0.0000	30.0000	5.9373	4.8166	NaN	NaN	NaN	1682
35005	58.5833	19.1500	8031	0.0	10	0.0000	30.0000	6.4835	4.9038	NaN	NaN	NaN	1759
35005	58.5833	19.1500	8031	0.0	11	0.0000	30.0000	7.9391	5.9739	NaN	NaN	NaN	1677
35005	58.5833	19.1500	8031	0.0	12	0.0000	30.0000	8.2386	6.2698	NaN	NaN	NaN	637
35006	58.5500	17.5167	8031	0.0	1	0.0000	35.0000	8.7488	5.5721	NaN	NaN	NaN	455
35006	58.5500	17.5167	8031	0.0	2	0.0000	26.8000	7.7748	5.7853	NaN	NaN	NaN	302
35006	58.5500	17.5167	8031	0.0	3	0.0000	22.6000	6.8390	4.6366	NaN	NaN	NaN	272
35006	58.5500	17.5167	8031	0.0	4	0.0000	35.0000	5.6934	4.7143	NaN	NaN	NaN	378
35006	58.5500	17.5167	8031	0.0	5	0.0000	22.6000	4.4681	3.8628	NaN	NaN	NaN	495
35006	58.5500	17.5167	8031	0.0	6	0.0000	19.0000	4.5954	3.8068	NaN	NaN	NaN	480
35006	58.5500	17.5167	8031	0.0	7	0.0000	22.6000	4.8822	3.8352	NaN	NaN	NaN	495
35006	58.5500	17.5167	8031	0.0	8	0.0000	26.8000	6.2814	4.6228	NaN	NaN	NaN	495
35006	58.5500	17.5167	8031	0.0	9	0.0000	26.8000	6.9482	5.1875	NaN	NaN	NaN	473
35006	58.5500	17.5167	8031	0.0	10	0.0000	35.0000	7.7831	5.2626	NaN	NaN	NaN	484
35006	58.5500	17.5167	8031	0.0	11	0.0000	1023.0000	10.3460	45.4259	NaN	NaN	NaN	506
35006	58.5500	17.5167	8031	0.0	12	0.0000	26.8000	8.7588	5.6942	NaN	NaN	NaN	495
35008	56.1167	16.5667	8031	0.0	1	0.0000	30.0000	9.1603	6.9577	NaN	NaN	NaN	708
35008	56.1167	16.5667	8031	0.0	2	0.0000	30.0000	8.4602	6.5971	NaN	NaN	NaN	586
35008	56.1167	16.5667	8031	0.0	3	0.0000	26.8000	6.7426	5.8225	NaN	NaN	NaN	566
35008	56.1167	16.5667	8031	0.0	4	0.0000	30.0000	5.7861	5.6383	NaN	NaN	NaN	603
35008	56.1167	16.5667	8031	0.0	5	0.0000	114.0000	4.2683	6.2384	NaN	NaN	NaN	675
35008	56.1167	16.5667	8031	0.0	6	0.0000	22.6000	4.3302	4.2635	NaN	NaN	NaN	682
35008	56.1167	16.5667	8031	0.0	7	0.0000	30.0000	4.1485	4.4611	NaN	NaN	NaN	680
35008	56.1167	16.5667	8031	0.0	8	0.0000	114.0000	4.9283	6.3797	NaN	NaN	NaN	713
35008	56.1167	16.5667	8031	0.0	9	0.0000	117.0000	6.4709	10.1259	NaN	NaN	NaN	688
35008	56.1167	16.5667	8031	0.0	10	0.0000	30.0000	7.6648	6.8395	NaN	NaN	NaN	713
35008	56.1167	16.5667	8031	0.0	11	0.0000	30.0000	7.9851	6.5255	NaN	NaN	NaN	690
35008	56.1167	16.5667	8031	0.0	12	0.0000	30.0000	8.4279	6.6849	NaN	NaN	NaN	681
35010	55.3000	12.7833	8031	0.0	1	0.0000	35.0000	6.3149	5.1356	NaN	NaN	NaN	3915
35010	55.3000	12.7833	8031	0.0	2	0.0000	35.0000	5.6116	4.8719	NaN	NaN	NaN	3130
35010	55.3000	12.7833	8031	0.0	3	0.0000	35.0000	5.1698	4.7375	NaN	NaN	NaN	3576
35010	55.3000	12.7833	8031	0.0	4	0.0000	26.8000	4.1050	4.0216	NaN	NaN	NaN	4120
35010	55.3000	12.7833	8031	0.0	5	0.0000	35.0000	3.5546	3.5752	NaN	NaN	NaN	4421
35010	55.3000	12.7833	8031	0.0	6	0.0000	26.8000	3.5793	3.4748	NaN	NaN	NaN	4214
35010	55.3000	12.7833	8031	0.0	7	0.0000	30.0000	3.5968	3.3257	NaN	NaN	NaN	4466
35010	55.3000	12.7833	8031	0.0	8	0.0000	26.8000	4.2293	3.7508	NaN	NaN	NaN	4511
35010	55.3000	12.7833	8031	0.0	9	0.0000	30.0000	4.7732	4.2547	NaN	NaN	NaN	4327
35010	55.3000	12.7833	8031	0.0	10	0.0000	35.0000	5.8213	5.1118	NaN	NaN	NaN	4458
35010	55.3000	12.7833	8031	0.0	11	0.0000	35.0000	6.5078	5.4037	NaN	NaN	NaN	4289
35010	55.3000	12.7833	8031	0.0	12	0.0000	35.0000	6.3812	5.2825	NaN	NaN	NaN	4320
35011	55.5833	12.8500	8031	0.0	1	0.0000	26.8000	5.0604	4.3261	NaN	NaN	NaN	3078
35011	55.5833	12.8500	8031	0.0	2	0.0000	26.8000	4.4050	3.8781	NaN	NaN	NaN	2326
35011	55.5833	12.8500	8031	0.0	3	0.0000	30.0000	4.4658	4.1049	NaN	NaN	NaN	2731
35011	55.5833	12.8500	8031	0.0	4	0.0000	26.8000	4.0006	3.5052	NaN	NaN	NaN	3131
35011	55.5833	12.8500	8031	0.0	5	0.0000	26.8000	3.4172	3.0925	NaN	NaN	NaN	3277
35011	55.5833	12.8500	8031	0.0	6	0.0000	26.8000	3.5457	3.3017	NaN	NaN	NaN	3200
35011	55.5833	12.8500	8031	0.0	7	0.0000	26.8000	3.5606	3.0934	NaN	NaN	NaN	3317
35011	55.5833	12.8500	8031	0.0	8	0.0000	22.6000	3.5950	15.6399	NaN	NaN	NaN	3476
35011	55.5833	12.8500	8031	0.0	9	0.0000	30.0000	4.1612	3.4559	NaN	NaN	NaN	3309
35011	55.5833	12.8500	8031	0.0	10	0.0000	30.0000	4.7588	4.0609	NaN	NaN	NaN	3452
35011	55.5833	12.8500	8031	0.0	11	0.0000	35.0000	5.0312	4.2154	NaN	NaN	NaN	3319
35011	55.5833	12.8500	8031	0.0	12	0.0000	30.0000	5.2183	4.3965	NaN	NaN	NaN	3339
35012	55.6167	12.8833	8031	0.0	1	0.0000	35.0000	5.4195	5.3616	NaN	NaN	NaN	1908
35012	55.6167	12.8833	8031	0.0	2	0.0000	35.0000	4.7823	4.7106	NaN	NaN	NaN	1400
35012	55.6167	12.8833	8031	0.0	3	0.0000	35.0000	5.0406	5.1332	NaN	NaN	NaN	1660
35012	55.6167	12.8833	8031	0.0	4	0.0000	35.0000	4.3364	4.1966	NaN	NaN	NaN	1831
35012	55.6167	12.8833	8031	0.0	5	0.0000	26.8000	3.6863	3.4254	NaN	NaN	NaN	1993
35012	55.6167	12.8833	8031	0.0	6	0.0000	26.8000	3.7097	3.4357	NaN	NaN	NaN	1942
35012	55.6167	12.8833	8031	0.0	7	0.0000	22.6000	3.7756	3.1350	NaN	NaN	NaN	2013
35012	55.6167	12.8833	8031	0.0	8	0.0000	26.8000	4.2663	3.7956	NaN	NaN	NaN	2143
35012	55.6167	12.8833	8031	0.0	9	0.0000	35.0000	4.4791	3.9693	NaN	NaN	NaN	2018
35012	55.6167	12.8833	8031	0.0	10	0.0000	35.0000	5.0206	4.6343	NaN	NaN	NaN	2078
35012	55.6167	12.8833	8031	0.0	11	0.0000	26.8000	5.3543	4.9517	NaN	NaN	NaN	1989
35012	55.6167	12.8833	8031	0.0	12	0.0000	35.0000	5.5193	5.2132	NaN	NaN	NaN	2005
35013	56.1667	12.5167	8031	0.0	1	0.0000	26.8000	5.6840	4.7418	NaN	NaN	NaN	3013
35013	56.1667	12.5167	8031	0.0	2	0.0000	35.0000	4.8761	4.1669	NaN	NaN	NaN	2590
35013	56.1667	12.5167	8031	0.0	3	0.0000	30.0000	4.7682	4.1153	NaN	NaN	NaN	2906
35013	56.1667	12.5167	8031	0.0	4	0.0000	26.8000	4.4596	3.7779	NaN	NaN	NaN	3045
35013	56.1667	12.5167	8031	0.0	5	0.0000	26.8000	3.9922	3.4855	NaN	NaN	NaN	3140
35013	56.1667	12.5167	8031	0.0	6	0.0000	26.8000	4.3689	3.9125	NaN	NaN	NaN	3036
35013	56.1667	12.5167	8031	0.0	7	0.0000	26.8000	4.3967	3.8453	NaN	NaN	NaN	3140
35013	56.1667	12.5167	8031	0.0	8	0.0000	30.0000	4.7155	4.0879	NaN	NaN	NaN	3156
35013	56.1667	12.5167	8031	0.0	9	0.0000	35.0000	4.7734	4.1731	NaN	NaN	NaN	3060
35013	56.1667	12.5167	8031	0.0	10	0.0000	35.0000	5.0906	4.5205	NaN	NaN	NaN	3152
35013	56.1667	12.5167	8031	0.0	11	0.0000	30.0000	5.3637	4.5781	NaN	NaN	NaN	3031
35013	56.1667	12.5167	8031	0.0	12	0.0000	30.0000	5.5558	4.5918	NaN	NaN	NaN	3119
35015	57.1667	11.6667	8031	0.0	1	0.0000	35.0000	6.9171	5.2208	NaN	NaN	NaN	3836
35015	57.1667	11.6667	8031	0.0	2	0.0000	30.0000	6.3125	5.2613	NaN	NaN	NaN	3146
35015	57.1667	11.6667	8031	0.0	3	0.0000	26.8000	5.6097	4.5347	NaN	NaN	NaN	3682
35015	57.1667	11.6667	8031	0.0	4	0.0000	30.0000	4.8339	4.1920	NaN	NaN	NaN	4204
35015	57.1667	11.6667	8031	0.0	5	0.0000	26.8000	4.3541	3.7986	NaN	NaN	NaN	4376
35015	57.1667	11.6667	8031	0.0	6	0.0000	26.8000	4.8847	4.3927	NaN	NaN	NaN	4267
35015	57.1667	11.6667	8031	0.0	7	0.0000	26.8000	4.9146	4.3491	NaN	NaN	NaN	4423
35015	57.1667	11.6667	8031	0.0	8	0.0000	30.0000	5.4606	4.5065	NaN	NaN	NaN	4434
35015	57.1667	11.6667	8031	0.0	9	0.0000	35.0000	5.9778	4.9062	NaN	NaN	NaN	4284
35015	57.1667	11.6667	8031	0.0	10	0.0000	35.0000	6.7314	5.3410	NaN	NaN	NaN	4379
35015	57.1667	11.6667	8031	0.0	11	0.0000	35.0000	7.0403	5.2489	NaN	NaN	NaN	4124
35015	57.1667	11.6667	8031	0.0	12	0.0000	35.0000	7.0658	5.3820	NaN	NaN	NaN	4221
35016	57.5667	11.6000	8031	0.0	1	0.0000	1021.0000	11.6007	54.8921	NaN	NaN	NaN	1361
35016	57.5667	11.6000	8031	0.0	2	0.0000	30.0000	7.7169	5.8327	NaN	NaN	NaN	1154
35016	57.5667	11.6000	8031	0.0	3	0.0000	26.8000	5.9260	4.6333	NaN	NaN	NaN	1249
35016	57.5667	11.6000	8031	0.0	4	0.0000	1018.0000	7.9704	45.6515	NaN	NaN	NaN	1486
35016	57.5667	11.6000	8031	0.0	5	0.0000	26.8000	5.2902	4.4312	NaN	NaN	NaN	1544
35016	57.5667	11.6000	8031	0.0	6	0.0000	35.0000	6.1031	5.0602	NaN	NaN	NaN	1515
35016	57.5667	11.6000	8031	0.0	7	0.0000	1017.0000	6.4723	26.1346	NaN	NaN	NaN	1546
35016	57.5667	11.6000	8031	0.0	8	0.0000	1021.0000	7.0402	26.2369	NaN	NaN	NaN	1550
35016	57.5667	11.6000	8031	0.0	9	0.0000	1018.0000	8.4803	37.2729	NaN	NaN	NaN	1494
35016	57.5667	11.6000	8031	0.0	10	0.0000	1018.0000	10.6599	51.6306	NaN	NaN	NaN	1544
35016	57.5667	11.6000	8031	0.0	11	0.0000	1020.0000	10.6235	45.3799	NaN	NaN	NaN	1499
35016	57.5667	11.6000	8031	0.0	12	0.0000	1001.6000	9.5498	26.8121	NaN	NaN	NaN	1441
35021	58.8833	10.8333	8031	0.0	1	0.0000	22.6000	5.7828	4.5872	NaN	NaN	NaN	163
35021	58.8833	10.8333	8031	0.0	2	0.0000	22.6000	5.6290	4.5695	NaN	NaN	NaN	162
35021	58.8833	10.8333	8031	0.0	3	0.0000	19.0000	4.7168	3.6153	NaN	NaN	NaN	155
35021	58.8833	10.8333	8031	0.0	4	0.0000	19.0000	4.2694	3.6987	NaN	NaN	NaN	180
35021	58.8833	10.8333	8031	0.0	5	0.0000	12.3000	4.0683	3.1591	NaN	NaN	NaN	186
35021	58.8833	10.8333	8031	0.0	6	0.0000	19.0000	4.4729	3.4036	NaN	NaN	NaN	177
35021	58.8833	10.8333	8031	0.0	7	0.0000	12.3000	3.4452	2.6879	NaN	NaN	NaN	186
35021	58.8833	10.8333	8031	0.0	8	0.0000	19.0000	4.7157	3.7808	NaN	NaN	NaN	185
35021	58.8833	10.8333	8031	0.0	9	0.0000	22.6000	6.2583	5.2436	NaN	NaN	NaN	180
35021	58.8833	10.8333	8031	0.0	10	0.0000	30.0000	5.9844	4.7630	NaN	NaN	NaN	186
35021	58.8833	10.8333	8031	0.0	11	0.0000	22.6000	5.9761	4.4792	NaN	NaN	NaN	180
35021	58.8833	10.8333	8031	0.0	12	0.0000	22.6000	5.8134	4.2025	NaN	NaN	NaN	186
