33001	57.2167	11.5667	8063	0.0	1	0.0000	6.0547	2.7517	1.8366	NaN	NaN	NaN	1596
33001	57.2167	11.5667	8063	0.0	2	0.0000	23.0469	9.1456	7.1185	NaN	NaN	NaN	785
33001	57.2167	11.5667	8063	0.0	3	0.0000	10.7422	3.2896	1.8948	NaN	NaN	NaN	744
33001	57.2167	11.5667	8063	0.0	4	0.0000	8.7891	2.5434	1.3926	NaN	NaN	NaN	1984
33001	57.2167	11.5667	8063	0.0	5	0.0000	8.0596	2.2384	1.1294	NaN	NaN	NaN	3759
33001	57.2167	11.5667	8063	0.0	6	0.0000	13.4767	2.3331	1.3764	NaN	NaN	NaN	5452
33001	57.2167	11.5667	8063	0.0	7	0.0000	31.2501	2.8181	3.2874	NaN	NaN	NaN	6294
33001	57.2167	11.5667	8063	0.0	8	0.0000	133.6396	6.1296	16.5075	NaN	NaN	NaN	6019
33001	57.2167	11.5667	8063	0.0	9	0.0000	15.4297	4.0797	2.2513	NaN	NaN	NaN	3608
33001	57.2167	11.5667	8063	0.0	10	0.0000	20.3125	4.6611	3.7016	NaN	NaN	NaN	4236
33001	57.2167	11.5667	8063	0.0	11	0.0000	53.9063	5.4133	5.4067	NaN	NaN	NaN	3155
33001	57.2167	11.5667	8063	0.0	12	0.0000	61.3281	3.5901	3.7422	NaN	NaN	NaN	2167
33002	58.9333	19.1667	8063	0.0	1	0.0000	15.0781	3.2722	4.7063	NaN	NaN	NaN	99
33002	58.9333	19.1667	8063	0.0	2	0.0000	3.7109	1.5336	0.7332	NaN	NaN	NaN	915
33002	58.9333	19.1667	8063	0.0	3	0.0000	16.4844	4.5022	2.3622	NaN	NaN	NaN	1425
33002	58.9333	19.1667	8063	0.0	4	0.0000	19.9609	7.7251	5.7607	NaN	NaN	NaN	1854
33002	58.9333	19.1667	8063	0.0	5	0.0000	19.9609	4.6036	4.8939	NaN	NaN	NaN	3821
33002	58.9333	19.1667	8063	0.0	6	0.0000	19.9609	4.0834	4.2004	NaN	NaN	NaN	5757
33002	58.9333	19.1667	8063	0.0	7	0.0000	33.3984	5.6995	6.0639	NaN	NaN	NaN	6705
33002	58.9333	19.1667	8063	0.0	8	0.0000	29.1794	6.9907	7.4896	NaN	NaN	NaN	6785
33002	58.9333	19.1667	8063	0.0	9	0.0000	58.2260	9.2665	13.5674	NaN	NaN	NaN	6280
33002	58.9333	19.1667	8063	0.0	10	0.0000	44.8822	6.8663	8.3910	NaN	NaN	NaN	6037
33002	58.9333	19.1667	8063	0.0	11	0.0000	19.9609	7.9378	7.7581	NaN	NaN	NaN	3852
33002	58.9333	19.1667	8063	0.0	12	0.0000	19.9609	8.8986	9.1516	NaN	NaN	NaN	968
33005	58.4833	10.9333	8063	0.0	1	0.0000	100.0000	NaN	NaN	NaN	NaN	NaN	0
33005	58.4833	10.9333	8063	0.0	2	0.0000	2.5000	2.0625	0.2925	NaN	NaN	NaN	8
33005	58.4833	10.9333	8063	0.0	3	0.0000	3.5000	0.9689	0.6174	NaN	NaN	NaN	742
33005	58.4833	10.9333	8063	0.0	4	0.0000	1.0000	0.5217	0.1528	NaN	NaN	NaN	411
33005	58.4833	10.9333	8063	0.0	5	0.0000	100.0000	NaN	NaN	NaN	NaN	NaN	0
33005	58.4833	10.9333	8063	0.0	6	0.0000	100.0000	NaN	NaN	NaN	NaN	NaN	0
33005	58.4833	10.9333	8063	0.0	7	0.0000	100.0000	NaN	NaN	NaN	NaN	NaN	0
33005	58.4833	10.9333	8063	0.0	8	0.0000	100.0000	NaN	NaN	NaN	NaN	NaN	0
33005	58.4833	10.9333	8063	0.0	9	0.0000	100.0000	NaN	NaN	NaN	NaN	NaN	0
33005	58.4833	10.9333	8063	0.0	10	0.0000	0.6300	0.2336	0.0668	NaN	NaN	NaN	469
33005	58.4833	10.9333	8063	0.0	11	0.0000	0.2700	0.1699	0.0362	NaN	NaN	NaN	135
33005	58.4833	10.9333	8063	0.0	12	0.0000	100.0000	NaN	NaN	NaN	NaN	NaN	0
33022	58.8020	17.6252	8063	1.0	1	0.0000	100.0000	NaN	NaN	NaN	NaN	NaN	0
33022	58.8020	17.6252	8063	1.0	2	0.0000	100.0000	NaN	NaN	NaN	NaN	NaN	0
33022	58.8020	17.6252	8063	1.0	3	0.0000	100.0000	NaN	NaN	NaN	NaN	NaN	0
33022	58.8020	17.6252	8063	1.0	4	0.0000	100.0000	NaN	NaN	NaN	NaN	NaN	0
33022	58.8020	17.6252	8063	1.0	5	0.0000	100.0000	NaN	NaN	NaN	NaN	NaN	0
33022	58.8020	17.6252	8063	1.0	6	0.0000	100.0000	NaN	NaN	NaN	NaN	NaN	0
33022	58.8020	17.6252	8063	1.0	7	0.0000	100.0000	NaN	NaN	NaN	NaN	NaN	0
33022	58.8020	17.6252	8063	1.0	8	0.0000	100.0000	NaN	NaN	NaN	NaN	NaN	0
33022	58.8020	17.6252	8063	1.0	9	0.0000	100.0000	NaN	NaN	NaN	NaN	NaN	0
33022	58.8020	17.6252	8063	1.0	10	0.0000	100.0000	NaN	NaN	NaN	NaN	NaN	0
33022	58.8020	17.6252	8063	1.0	11	0.0000	100.0000	NaN	NaN	NaN	NaN	NaN	0
33022	58.8020	17.6252	8063	1.0	12	0.0000	100.0000	NaN	NaN	NaN	NaN	NaN	0
33023	56.9270	17.0839	8063	1.0	1	0.0000	100.0000	NaN	NaN	NaN	NaN	NaN	0
33023	56.9270	17.0839	8063	1.0	2	0.0000	100.0000	NaN	NaN	NaN	NaN	NaN	0
33023	56.9270	17.0839	8063	1.0	3	0.0000	100.0000	NaN	NaN	NaN	NaN	NaN	0
33023	56.9270	17.0839	8063	1.0	4	0.0000	100.0000	NaN	NaN	NaN	NaN	NaN	0
33023	56.9270	17.0839	8063	1.0	5	0.0000	100.0000	NaN	NaN	NaN	NaN	NaN	0
33023	56.9270	17.0839	8063	1.0	6	0.0000	100.0000	NaN	NaN	NaN	NaN	NaN	0
33023	56.9270	17.0839	8063	1.0	7	0.0000	100.0000	NaN	NaN	NaN	NaN	NaN	0
33023	56.9270	17.0839	8063	1.0	8	0.0000	100.0000	NaN	NaN	NaN	NaN	NaN	0
33023	56.9270	17.0839	8063	1.0	9	0.0000	100.0000	NaN	NaN	NaN	NaN	NaN	0
33023	56.9270	17.0839	8063	1.0	10	0.0000	100.0000	NaN	NaN	NaN	NaN	NaN	0
33023	56.9270	17.0839	8063	1.0	11	0.0000	100.0000	NaN	NaN	NaN	NaN	NaN	0
33023	56.9270	17.0839	8063	1.0	12	0.0000	100.0000	NaN	NaN	NaN	NaN	NaN	0
33024	58.3025	11.7533	8063	1.0	1	0.0000	100.0000	NaN	NaN	NaN	NaN	NaN	0
33024	58.3025	11.7533	8063	1.0	2	0.0000	100.0000	NaN	NaN	NaN	NaN	NaN	0
33024	58.3025	11.7533	8063	1.0	3	0.0000	100.0000	NaN	NaN	NaN	NaN	NaN	0
33024	58.3025	11.7533	8063	1.0	4	0.0000	100.0000	NaN	NaN	NaN	NaN	NaN	0
33024	58.3025	11.7533	8063	1.0	5	0.0000	100.0000	NaN	NaN	NaN	NaN	NaN	0
33024	58.3025	11.7533	8063	1.0	6	0.0000	100.0000	NaN	NaN	NaN	NaN	NaN	0
33024	58.3025	11.7533	8063	1.0	7	0.0000	100.0000	NaN	NaN	NaN	NaN	NaN	0
33024	58.3025	11.7533	8063	1.0	8	0.0000	100.0000	NaN	NaN	NaN	NaN	NaN	0
33024	58.3025	11.7533	8063	1.0	9	0.0000	100.0000	NaN	NaN	NaN	NaN	NaN	0
33024	58.3025	11.7533	8063	1.0	10	0.0000	100.0000	NaN	NaN	NaN	NaN	NaN	0
33024	58.3025	11.7533	8063	1.0	11	0.0000	100.0000	NaN	NaN	NaN	NaN	NaN	0
33024	58.3025	11.7533	8063	1.0	12	0.0000	100.0000	NaN	NaN	NaN	NaN	NaN	0
33025	58.2568	11.4510	8063	1.0	1	0.0000	100.0000	NaN	NaN	NaN	NaN	NaN	0
33025	58.2568	11.4510	8063	1.0	2	0.0000	100.0000	NaN	NaN	NaN	NaN	NaN	0
33025	58.2568	11.4510	8063	1.0	3	0.0000	100.0000	NaN	NaN	NaN	NaN	NaN	0
33025	58.2568	11.4510	8063	1.0	4	0.0000	100.0000	NaN	NaN	NaN	NaN	NaN	0
33025	58.2568	11.4510	8063	1.0	5	0.0000	100.0000	NaN	NaN	NaN	NaN	NaN	0
33025	58.2568	11.4510	8063	1.0	6	0.0000	100.0000	NaN	NaN	NaN	NaN	NaN	0
33025	58.2568	11.4510	8063	1.0	7	0.0000	100.0000	NaN	NaN	NaN	NaN	NaN	0
33025	58.2568	11.4510	8063	1.0	8	0.0000	100.0000	NaN	NaN	NaN	NaN	NaN	0
33025	58.2568	11.4510	8063	1.0	9	0.0000	100.0000	NaN	NaN	NaN	NaN	NaN	0
33025	58.2568	11.4510	8063	1.0	10	0.0000	100.0000	NaN	NaN	NaN	NaN	NaN	0
33025	58.2568	11.4510	8063	1.0	11	0.0000	100.0000	NaN	NaN	NaN	NaN	NaN	0
33025	58.2568	11.4510	8063	1.0	12	0.0000	100.0000	NaN	NaN	NaN	NaN	NaN	0
33026	58.8833	11.0983	8063	1.0	1	0.0000	100.0000	NaN	NaN	NaN	NaN	NaN	0
33026	58.8833	11.0983	8063	1.0	2	0.0000	100.0000	NaN	NaN	NaN	NaN	NaN	0
33026	58.8833	11.0983	8063	1.0	3	0.0000	100.0000	NaN	NaN	NaN	NaN	NaN	0
33026	58.8833	11.0983	8063	1.0	4	0.0000	100.0000	NaN	NaN	NaN	NaN	NaN	0
33026	58.8833	11.0983	8063	1.0	5	0.0000	100.0000	NaN	NaN	NaN	NaN	NaN	0
33026	58.8833	11.0983	8063	1.0	6	0.0000	100.0000	NaN	NaN	NaN	NaN	NaN	0
33026	58.8833	11.0983	8063	1.0	7	0.0000	100.0000	NaN	NaN	NaN	NaN	NaN	0
33026	58.8833	11.0983	8063	1.0	8	0.0000	100.0000	NaN	NaN	NaN	NaN	NaN	0
33026	58.8833	11.0983	8063	1.0	9	0.0000	100.0000	NaN	NaN	NaN	NaN	NaN	0
33026	58.8833	11.0983	8063	1.0	10	0.0000	100.0000	NaN	NaN	NaN	NaN	NaN	0
33026	58.8833	11.0983	8063	1.0	11	0.0000	100.0000	NaN	NaN	NaN	NaN	NaN	0
33026	58.8833	11.0983	8063	1.0	12	0.0000	100.0000	NaN	NaN	NaN	NaN	NaN	0
33601	59.6867	24.6283	8063	2.0	1	0.0000	100.0000	NaN	NaN	NaN	NaN	NaN	0
33601	59.6867	24.6283	8063	2.0	2	0.0000	100.0000	NaN	NaN	NaN	NaN	NaN	0
33601	59.6867	24.6283	8063	2.0	3	0.0000	100.0000	NaN	NaN	NaN	NaN	NaN	0
33601	59.6867	24.6283	8063	2.0	4	0.0000	100.0000	NaN	NaN	NaN	NaN	NaN	0
33601	59.6867	24.6283	8063	2.0	5	0.0000	100.0000	NaN	NaN	NaN	NaN	NaN	0
33601	59.6867	24.6283	8063	2.0	6	0.0000	100.0000	NaN	NaN	NaN	NaN	NaN	0
33601	59.6867	24.6283	8063	2.0	7	0.0000	100.0000	NaN	NaN	NaN	NaN	NaN	0
33601	59.6867	24.6283	8063	2.0	8	0.0000	100.0000	NaN	NaN	NaN	NaN	NaN	0
33601	59.6867	24.6283	8063	2.0	9	0.0000	100.0000	NaN	NaN	NaN	NaN	NaN	0
33601	59.6867	24.6283	8063	2.0	10	0.0000	100.0000	NaN	NaN	NaN	NaN	NaN	0
33601	59.6867	24.6283	8063	2.0	11	0.0000	100.0000	NaN	NaN	NaN	NaN	NaN	0
33601	59.6867	24.6283	8063	2.0	12	0.0000	100.0000	NaN	NaN	NaN	NaN	NaN	0
33601	59.6867	24.6283	8063	3.0	1	0.0000	100.0000	NaN	NaN	NaN	NaN	NaN	0
33601	59.6867	24.6283	8063	3.0	2	0.0000	100.0000	NaN	NaN	NaN	NaN	NaN	0
33601	59.6867	24.6283	8063	3.0	3	0.0000	100.0000	NaN	NaN	NaN	NaN	NaN	0
33601	59.6867	24.6283	8063	3.0	4	0.0000	100.0000	NaN	NaN	NaN	NaN	NaN	0
33601	59.6867	24.6283	8063	3.0	5	0.0000	100.0000	NaN	NaN	NaN	NaN	NaN	0
33601	59.6867	24.6283	8063	3.0	6	0.0000	100.0000	NaN	NaN	NaN	NaN	NaN	0
33601	59.6867	24.6283	8063	3.0	7	0.0000	100.0000	NaN	NaN	NaN	NaN	NaN	0
33601	59.6867	24.6283	8063	3.0	8	0.0000	100.0000	NaN	NaN	NaN	NaN	NaN	0
33601	59.6867	24.6283	8063	3.0	9	0.0000	100.0000	NaN	NaN	NaN	NaN	NaN	0
33601	59.6867	24.6283	8063	3.0	10	0.0000	100.0000	NaN	NaN	NaN	NaN	NaN	0
33601	59.6867	24.6283	8063	3.0	11	0.0000	100.0000	NaN	NaN	NaN	NaN	NaN	0
33601	59.6867	24.6283	8063	3.0	12	0.0000	100.0000	NaN	NaN	NaN	NaN	NaN	0
33601	59.6867	24.6283	8063	4.0	1	0.0000	100.0000	NaN	NaN	NaN	NaN	NaN	0
33601	59.6867	24.6283	8063	4.0	2	0.0000	100.0000	NaN	NaN	NaN	NaN	NaN	0
33601	59.6867	24.6283	8063	4.0	3	0.0000	100.0000	NaN	NaN	NaN	NaN	NaN	0
33601	59.6867	24.6283	8063	4.0	4	0.0000	100.0000	NaN	NaN	NaN	NaN	NaN	0
33601	59.6867	24.6283	8063	4.0	5	0.0000	100.0000	NaN	NaN	NaN	NaN	NaN	0
33601	59.6867	24.6283	8063	4.0	6	0.0000	100.0000	NaN	NaN	NaN	NaN	NaN	0
33601	59.6867	24.6283	8063	4.0	7	0.0000	100.0000	NaN	NaN	NaN	NaN	NaN	0
33601	59.6867	24.6283	8063	4.0	8	0.0000	100.0000	NaN	NaN	NaN	NaN	NaN	0
33601	59.6867	24.6283	8063	4.0	9	0.0000	100.0000	NaN	NaN	NaN	NaN	NaN	0
33601	59.6867	24.6283	8063	4.0	10	0.0000	100.0000	NaN	NaN	NaN	NaN	NaN	0
33601	59.6867	24.6283	8063	4.0	11	0.0000	100.0000	NaN	NaN	NaN	NaN	NaN	0
33601	59.6867	24.6283	8063	4.0	12	0.0000	100.0000	NaN	NaN	NaN	NaN	NaN	0
33601	59.6867	24.6283	8063	5.0	1	0.0000	100.0000	NaN	NaN	NaN	NaN	NaN	0
33601	59.6867	24.6283	8063	5.0	2	0.0000	100.0000	NaN	NaN	NaN	NaN	NaN	0
33601	59.6867	24.6283	8063	5.0	3	0.0000	100.0000	NaN	NaN	NaN	NaN	NaN	0
33601	59.6867	24.6283	8063	5.0	4	0.0000	100.0000	NaN	NaN	NaN	NaN	NaN	0
33601	59.6867	24.6283	8063	5.0	5	0.0000	100.0000	NaN	NaN	NaN	NaN	NaN	0
33601	59.6867	24.6283	8063	5.0	6	0.0000	100.0000	NaN	NaN	NaN	NaN	NaN	0
33601	59.6867	24.6283	8063	5.0	7	0.0000	100.0000	NaN	NaN	NaN	NaN	NaN	0
33601	59.6867	24.6283	8063	5.0	8	0.0000	100.0000	NaN	NaN	NaN	NaN	NaN	0
33601	59.6867	24.6283	8063	5.0	9	0.0000	100.0000	NaN	NaN	NaN	NaN	NaN	0
33601	59.6867	24.6283	8063	5.0	10	0.0000	100.0000	NaN	NaN	NaN	NaN	NaN	0
33601	59.6867	24.6283	8063	5.0	11	0.0000	100.0000	NaN	NaN	NaN	NaN	NaN	0
33601	59.6867	24.6283	8063	5.0	12	0.0000	100.0000	NaN	NaN	NaN	NaN	NaN	0
33601	59.6867	24.6283	8063	6.0	1	0.0000	100.0000	NaN	NaN	NaN	NaN	NaN	0
33601	59.6867	24.6283	8063	6.0	2	0.0000	100.0000	NaN	NaN	NaN	NaN	NaN	0
33601	59.6867	24.6283	8063	6.0	3	0.0000	100.0000	NaN	NaN	NaN	NaN	NaN	0
33601	59.6867	24.6283	8063	6.0	4	0.0000	100.0000	NaN	NaN	NaN	NaN	NaN	0
33601	59.6867	24.6283	8063	6.0	5	0.0000	100.0000	NaN	NaN	NaN	NaN	NaN	0
33601	59.6867	24.6283	8063	6.0	6	0.0000	100.0000	NaN	NaN	NaN	NaN	NaN	0
33601	59.6867	24.6283	8063	6.0	7	0.0000	100.0000	NaN	NaN	NaN	NaN	NaN	0
33601	59.6867	24.6283	8063	6.0	8	0.0000	100.0000	NaN	NaN	NaN	NaN	NaN	0
33601	59.6867	24.6283	8063	6.0	9	0.0000	100.0000	NaN	NaN	NaN	NaN	NaN	0
33601	59.6867	24.6283	8063	6.0	10	0.0000	100.0000	NaN	NaN	NaN	NaN	NaN	0
33601	59.6867	24.6283	8063	6.0	11	0.0000	100.0000	NaN	NaN	NaN	NaN	NaN	0
33601	59.6867	24.6283	8063	6.0	12	0.0000	100.0000	NaN	NaN	NaN	NaN	NaN	0
33601	59.6867	24.6283	8063	7.0	1	0.0000	100.0000	NaN	NaN	NaN	NaN	NaN	0
33601	59.6867	24.6283	8063	7.0	2	0.0000	100.0000	NaN	NaN	NaN	NaN	NaN	0
33601	59.6867	24.6283	8063	7.0	3	0.0000	100.0000	NaN	NaN	NaN	NaN	NaN	0
33601	59.6867	24.6283	8063	7.0	4	0.0000	100.0000	NaN	NaN	NaN	NaN	NaN	0
33601	59.6867	24.6283	8063	7.0	5	0.0000	100.0000	NaN	NaN	NaN	NaN	NaN	0
33601	59.6867	24.6283	8063	7.0	6	0.0000	100.0000	NaN	NaN	NaN	NaN	NaN	0
33601	59.6867	24.6283	8063	7.0	7	0.0000	100.0000	NaN	NaN	NaN	NaN	NaN	0
33601	59.6867	24.6283	8063	7.0	8	0.0000	100.0000	NaN	NaN	NaN	NaN	NaN	0
33601	59.6867	24.6283	8063	7.0	9	0.0000	100.0000	NaN	NaN	NaN	NaN	NaN	0
33601	59.6867	24.6283	8063	7.0	10	0.0000	100.0000	NaN	NaN	NaN	NaN	NaN	0
33601	59.6867	24.6283	8063	7.0	11	0.0000	100.0000	NaN	NaN	NaN	NaN	NaN	0
33601	59.6867	24.6283	8063	7.0	12	0.0000	100.0000	NaN	NaN	NaN	NaN	NaN	0
33601	59.6867	24.6283	8063	8.0	1	0.0000	100.0000	NaN	NaN	NaN	NaN	NaN	0
33601	59.6867	24.6283	8063	8.0	2	0.0000	100.0000	NaN	NaN	NaN	NaN	NaN	0
33601	59.6867	24.6283	8063	8.0	3	0.0000	100.0000	NaN	NaN	NaN	NaN	NaN	0
33601	59.6867	24.6283	8063	8.0	4	0.0000	100.0000	NaN	NaN	NaN	NaN	NaN	0
33601	59.6867	24.6283	8063	8.0	5	0.0000	100.0000	NaN	NaN	NaN	NaN	NaN	0
33601	59.6867	24.6283	8063	8.0	6	0.0000	100.0000	NaN	NaN	NaN	NaN	NaN	0
33601	59.6867	24.6283	8063	8.0	7	0.0000	100.0000	NaN	NaN	NaN	NaN	NaN	0
33601	59.6867	24.6283	8063	8.0	8	0.0000	100.0000	NaN	NaN	NaN	NaN	NaN	0
33601	59.6867	24.6283	8063	8.0	9	0.0000	100.0000	NaN	NaN	NaN	NaN	NaN	0
33601	59.6867	24.6283	8063	8.0	10	0.0000	100.0000	NaN	NaN	NaN	NaN	NaN	0
33601	59.6867	24.6283	8063	8.0	11	0.0000	100.0000	NaN	NaN	NaN	NaN	NaN	0
33601	59.6867	24.6283	8063	8.0	12	0.0000	100.0000	NaN	NaN	NaN	NaN	NaN	0
33601	59.6867	24.6283	8063	9.0	1	0.0000	100.0000	NaN	NaN	NaN	NaN	NaN	0
33601	59.6867	24.6283	8063	9.0	2	0.0000	100.0000	NaN	NaN	NaN	NaN	NaN	0
33601	59.6867	24.6283	8063	9.0	3	0.0000	100.0000	NaN	NaN	NaN	NaN	NaN	0
33601	59.6867	24.6283	8063	9.0	4	0.0000	100.0000	NaN	NaN	NaN	NaN	NaN	0
33601	59.6867	24.6283	8063	9.0	5	0.0000	100.0000	NaN	NaN	NaN	NaN	NaN	0
33601	59.6867	24.6283	8063	9.0	6	0.0000	100.0000	NaN	NaN	NaN	NaN	NaN	0
33601	59.6867	24.6283	8063	9.0	7	0.0000	100.0000	NaN	NaN	NaN	NaN	NaN	0
33601	59.6867	24.6283	8063	9.0	8	0.0000	100.0000	NaN	NaN	NaN	NaN	NaN	0
33601	59.6867	24.6283	8063	9.0	9	0.0000	100.0000	NaN	NaN	NaN	NaN	NaN	0
33601	59.6867	24.6283	8063	9.0	10	0.0000	100.0000	NaN	NaN	NaN	NaN	NaN	0
33601	59.6867	24.6283	8063	9.0	11	0.0000	100.0000	NaN	NaN	NaN	NaN	NaN	0
33601	59.6867	24.6283	8063	9.0	12	0.0000	100.0000	NaN	NaN	NaN	NaN	NaN	0
33601	59.6867	24.6283	8063	10.0	1	0.0000	100.0000	NaN	NaN	NaN	NaN	NaN	0
33601	59.6867	24.6283	8063	10.0	2	0.0000	100.0000	NaN	NaN	NaN	NaN	NaN	0
33601	59.6867	24.6283	8063	10.0	3	0.0000	100.0000	NaN	NaN	NaN	NaN	NaN	0
33601	59.6867	24.6283	8063	10.0	4	0.0000	100.0000	NaN	NaN	NaN	NaN	NaN	0
33601	59.6867	24.6283	8063	10.0	5	0.0000	100.0000	NaN	NaN	NaN	NaN	NaN	0
33601	59.6867	24.6283	8063	10.0	6	0.0000	100.0000	NaN	NaN	NaN	NaN	NaN	0
33601	59.6867	24.6283	8063	10.0	7	0.0000	100.0000	NaN	NaN	NaN	NaN	NaN	0
33601	59.6867	24.6283	8063	10.0	8	0.0000	100.0000	NaN	NaN	NaN	NaN	NaN	0
33601	59.6867	24.6283	8063	10.0	9	0.0000	100.0000	NaN	NaN	NaN	NaN	NaN	0
33601	59.6867	24.6283	8063	10.0	10	0.0000	100.0000	NaN	NaN	NaN	NaN	NaN	0
33601	59.6867	24.6283	8063	10.0	11	0.0000	100.0000	NaN	NaN	NaN	NaN	NaN	0
33601	59.6867	24.6283	8063	10.0	12	0.0000	100.0000	NaN	NaN	NaN	NaN	NaN	0
33601	59.6867	24.6283	8063	11.0	1	0.0000	100.0000	NaN	NaN	NaN	NaN	NaN	0
33601	59.6867	24.6283	8063	11.0	2	0.0000	100.0000	NaN	NaN	NaN	NaN	NaN	0
33601	59.6867	24.6283	8063	11.0	3	0.0000	100.0000	NaN	NaN	NaN	NaN	NaN	0
33601	59.6867	24.6283	8063	11.0	4	0.0000	100.0000	NaN	NaN	NaN	NaN	NaN	0
33601	59.6867	24.6283	8063	11.0	5	0.0000	100.0000	NaN	NaN	NaN	NaN	NaN	0
33601	59.6867	24.6283	8063	11.0	6	0.0000	100.0000	NaN	NaN	NaN	NaN	NaN	0
33601	59.6867	24.6283	8063	11.0	7	0.0000	100.0000	NaN	NaN	NaN	NaN	NaN	0
33601	59.6867	24.6283	8063	11.0	8	0.0000	100.0000	NaN	NaN	NaN	NaN	NaN	0
33601	59.6867	24.6283	8063	11.0	9	0.0000	100.0000	NaN	NaN	NaN	NaN	NaN	0
33601	59.6867	24.6283	8063	11.0	10	0.0000	100.0000	NaN	NaN	NaN	NaN	NaN	0
33601	59.6867	24.6283	8063	11.0	11	0.0000	100.0000	NaN	NaN	NaN	NaN	NaN	0
33601	59.6867	24.6283	8063	11.0	12	0.0000	100.0000	NaN	NaN	NaN	NaN	NaN	0
33601	59.6867	24.6283	8063	12.0	1	0.0000	100.0000	NaN	NaN	NaN	NaN	NaN	0
33601	59.6867	24.6283	8063	12.0	2	0.0000	100.0000	NaN	NaN	NaN	NaN	NaN	0
33601	59.6867	24.6283	8063	12.0	3	0.0000	100.0000	NaN	NaN	NaN	NaN	NaN	0
33601	59.6867	24.6283	8063	12.0	4	0.0000	100.0000	NaN	NaN	NaN	NaN	NaN	0
33601	59.6867	24.6283	8063	12.0	5	0.0000	100.0000	NaN	NaN	NaN	NaN	NaN	0
33601	59.6867	24.6283	8063	12.0	6	0.0000	100.0000	NaN	NaN	NaN	NaN	NaN	0
33601	59.6867	24.6283	8063	12.0	7	0.0000	100.0000	NaN	NaN	NaN	NaN	NaN	0
33601	59.6867	24.6283	8063	12.0	8	0.0000	100.0000	NaN	NaN	NaN	NaN	NaN	0
33601	59.6867	24.6283	8063	12.0	9	0.0000	100.0000	NaN	NaN	NaN	NaN	NaN	0
33601	59.6867	24.6283	8063	12.0	10	0.0000	100.0000	NaN	NaN	NaN	NaN	NaN	0
33601	59.6867	24.6283	8063	12.0	11	0.0000	100.0000	NaN	NaN	NaN	NaN	NaN	0
33601	59.6867	24.6283	8063	12.0	12	0.0000	100.0000	NaN	NaN	NaN	NaN	NaN	0
33601	59.6867	24.6283	8063	13.0	1	0.0000	100.0000	NaN	NaN	NaN	NaN	NaN	0
33601	59.6867	24.6283	8063	13.0	2	0.0000	100.0000	NaN	NaN	NaN	NaN	NaN	0
33601	59.6867	24.6283	8063	13.0	3	0.0000	100.0000	NaN	NaN	NaN	NaN	NaN	0
33601	59.6867	24.6283	8063	13.0	4	0.0000	100.0000	NaN	NaN	NaN	NaN	NaN	0
33601	59.6867	24.6283	8063	13.0	5	0.0000	100.0000	NaN	NaN	NaN	NaN	NaN	0
33601	59.6867	24.6283	8063	13.0	6	0.0000	100.0000	NaN	NaN	NaN	NaN	NaN	0
33601	59.6867	24.6283	8063	13.0	7	0.0000	100.0000	NaN	NaN	NaN	NaN	NaN	0
33601	59.6867	24.6283	8063	13.0	8	0.0000	100.0000	NaN	NaN	NaN	NaN	NaN	0
33601	59.6867	24.6283	8063	13.0	9	0.0000	100.0000	NaN	NaN	NaN	NaN	NaN	0
33601	59.6867	24.6283	8063	13.0	10	0.0000	100.0000	NaN	NaN	NaN	NaN	NaN	0
33601	59.6867	24.6283	8063	13.0	11	0.0000	100.0000	NaN	NaN	NaN	NaN	NaN	0
33601	59.6867	24.6283	8063	13.0	12	0.0000	100.0000	NaN	NaN	NaN	NaN	NaN	0
33601	59.6867	24.6283	8063	14.0	1	0.0000	100.0000	NaN	NaN	NaN	NaN	NaN	0
33601	59.6867	24.6283	8063	14.0	2	0.0000	100.0000	NaN	NaN	NaN	NaN	NaN	0
33601	59.6867	24.6283	8063	14.0	3	0.0000	100.0000	NaN	NaN	NaN	NaN	NaN	0
33601	59.6867	24.6283	8063	14.0	4	0.0000	100.0000	NaN	NaN	NaN	NaN	NaN	0
33601	59.6867	24.6283	8063	14.0	5	0.0000	100.0000	NaN	NaN	NaN	NaN	NaN	0
33601	59.6867	24.6283	8063	14.0	6	0.0000	100.0000	NaN	NaN	NaN	NaN	NaN	0
33601	59.6867	24.6283	8063	14.0	7	0.0000	100.0000	NaN	NaN	NaN	NaN	NaN	0
33601	59.6867	24.6283	8063	14.0	8	0.0000	100.0000	NaN	NaN	NaN	NaN	NaN	0
33601	59.6867	24.6283	8063	14.0	9	0.0000	100.0000	NaN	NaN	NaN	NaN	NaN	0
33601	59.6867	24.6283	8063	14.0	10	0.0000	100.0000	NaN	NaN	NaN	NaN	NaN	0
33601	59.6867	24.6283	8063	14.0	11	0.0000	100.0000	NaN	NaN	NaN	NaN	NaN	0
33601	59.6867	24.6283	8063	14.0	12	0.0000	100.0000	NaN	NaN	NaN	NaN	NaN	0
33601	59.6867	24.6283	8063	15.0	1	0.0000	100.0000	NaN	NaN	NaN	NaN	NaN	0
33601	59.6867	24.6283	8063	15.0	2	0.0000	100.0000	NaN	NaN	NaN	NaN	NaN	0
33601	59.6867	24.6283	8063	15.0	3	0.0000	100.0000	NaN	NaN	NaN	NaN	NaN	0
33601	59.6867	24.6283	8063	15.0	4	0.0000	100.0000	NaN	NaN	NaN	NaN	NaN	0
33601	59.6867	24.6283	8063	15.0	5	0.0000	100.0000	NaN	NaN	NaN	NaN	NaN	0
33601	59.6867	24.6283	8063	15.0	6	0.0000	100.0000	NaN	NaN	NaN	NaN	NaN	0
33601	59.6867	24.6283	8063	15.0	7	0.0000	100.0000	NaN	NaN	NaN	NaN	NaN	0
33601	59.6867	24.6283	8063	15.0	8	0.0000	100.0000	NaN	NaN	NaN	NaN	NaN	0
33601	59.6867	24.6283	8063	15.0	9	0.0000	100.0000	NaN	NaN	NaN	NaN	NaN	0
33601	59.6867	24.6283	8063	15.0	10	0.0000	100.0000	NaN	NaN	NaN	NaN	NaN	0
33601	59.6867	24.6283	8063	15.0	11	0.0000	100.0000	NaN	NaN	NaN	NaN	NaN	0
33601	59.6867	24.6283	8063	15.0	12	0.0000	100.0000	NaN	NaN	NaN	NaN	NaN	0
33601	59.6867	24.6283	8063	16.0	1	0.0000	100.0000	NaN	NaN	NaN	NaN	NaN	0
33601	59.6867	24.6283	8063	16.0	2	0.0000	100.0000	NaN	NaN	NaN	NaN	NaN	0
33601	59.6867	24.6283	8063	16.0	3	0.0000	100.0000	NaN	NaN	NaN	NaN	NaN	0
33601	59.6867	24.6283	8063	16.0	4	0.0000	100.0000	NaN	NaN	NaN	NaN	NaN	0
33601	59.6867	24.6283	8063	16.0	5	0.0000	100.0000	NaN	NaN	NaN	NaN	NaN	0
33601	59.6867	24.6283	8063	16.0	6	0.0000	100.0000	NaN	NaN	NaN	NaN	NaN	0
33601	59.6867	24.6283	8063	16.0	7	0.0000	100.0000	NaN	NaN	NaN	NaN	NaN	0
33601	59.6867	24.6283	8063	16.0	8	0.0000	100.0000	NaN	NaN	NaN	NaN	NaN	0
33601	59.6867	24.6283	8063	16.0	9	0.0000	100.0000	NaN	NaN	NaN	NaN	NaN	0
33601	59.6867	24.6283	8063	16.0	10	0.0000	100.0000	NaN	NaN	NaN	NaN	NaN	0
33601	59.6867	24.6283	8063	16.0	11	0.0000	100.0000	NaN	NaN	NaN	NaN	NaN	0
33601	59.6867	24.6283	8063	16.0	12	0.0000	100.0000	NaN	NaN	NaN	NaN	NaN	0
33601	59.6867	24.6283	8063	17.0	1	0.0000	100.0000	NaN	NaN	NaN	NaN	NaN	0
33601	59.6867	24.6283	8063	17.0	2	0.0000	100.0000	NaN	NaN	NaN	NaN	NaN	0
33601	59.6867	24.6283	8063	17.0	3	0.0000	100.0000	NaN	NaN	NaN	NaN	NaN	0
33601	59.6867	24.6283	8063	17.0	4	0.0000	100.0000	NaN	NaN	NaN	NaN	NaN	0
33601	59.6867	24.6283	8063	17.0	5	0.0000	100.0000	NaN	NaN	NaN	NaN	NaN	0
33601	59.6867	24.6283	8063	17.0	6	0.0000	100.0000	NaN	NaN	NaN	NaN	NaN	0
33601	59.6867	24.6283	8063	17.0	7	0.0000	100.0000	NaN	NaN	NaN	NaN	NaN	0
33601	59.6867	24.6283	8063	17.0	8	0.0000	100.0000	NaN	NaN	NaN	NaN	NaN	0
33601	59.6867	24.6283	8063	17.0	9	0.0000	100.0000	NaN	NaN	NaN	NaN	NaN	0
33601	59.6867	24.6283	8063	17.0	10	0.0000	100.0000	NaN	NaN	NaN	NaN	NaN	0
33601	59.6867	24.6283	8063	17.0	11	0.0000	100.0000	NaN	NaN	NaN	NaN	NaN	0
33601	59.6867	24.6283	8063	17.0	12	0.0000	100.0000	NaN	NaN	NaN	NaN	NaN	0
33601	59.6867	24.6283	8063	18.0	1	0.0000	100.0000	NaN	NaN	NaN	NaN	NaN	0
33601	59.6867	24.6283	8063	18.0	2	0.0000	100.0000	NaN	NaN	NaN	NaN	NaN	0
33601	59.6867	24.6283	8063	18.0	3	0.0000	100.0000	NaN	NaN	NaN	NaN	NaN	0
33601	59.6867	24.6283	8063	18.0	4	0.0000	100.0000	NaN	NaN	NaN	NaN	NaN	0
33601	59.6867	24.6283	8063	18.0	5	0.0000	100.0000	NaN	NaN	NaN	NaN	NaN	0
33601	59.6867	24.6283	8063	18.0	6	0.0000	100.0000	NaN	NaN	NaN	NaN	NaN	0
33601	59.6867	24.6283	8063	18.0	7	0.0000	100.0000	NaN	NaN	NaN	NaN	NaN	0
33601	59.6867	24.6283	8063	18.0	8	0.0000	100.0000	NaN	NaN	NaN	NaN	NaN	0
33601	59.6867	24.6283	8063	18.0	9	0.0000	100.0000	NaN	NaN	NaN	NaN	NaN	0
33601	59.6867	24.6283	8063	18.0	10	0.0000	100.0000	NaN	NaN	NaN	NaN	NaN	0
33601	59.6867	24.6283	8063	18.0	11	0.0000	100.0000	NaN	NaN	NaN	NaN	NaN	0
33601	59.6867	24.6283	8063	18.0	12	0.0000	100.0000	NaN	NaN	NaN	NaN	NaN	0
33601	59.6867	24.6283	8063	19.0	1	0.0000	100.0000	NaN	NaN	NaN	NaN	NaN	0
33601	59.6867	24.6283	8063	19.0	2	0.0000	100.0000	NaN	NaN	NaN	NaN	NaN	0
33601	59.6867	24.6283	8063	19.0	3	0.0000	100.0000	NaN	NaN	NaN	NaN	NaN	0
33601	59.6867	24.6283	8063	19.0	4	0.0000	100.0000	NaN	NaN	NaN	NaN	NaN	0
33601	59.6867	24.6283	8063	19.0	5	0.0000	100.0000	NaN	NaN	NaN	NaN	NaN	0
33601	59.6867	24.6283	8063	19.0	6	0.0000	100.0000	NaN	NaN	NaN	NaN	NaN	0
33601	59.6867	24.6283	8063	19.0	7	0.0000	100.0000	NaN	NaN	NaN	NaN	NaN	0
33601	59.6867	24.6283	8063	19.0	8	0.0000	100.0000	NaN	NaN	NaN	NaN	NaN	0
33601	59.6867	24.6283	8063	19.0	9	0.0000	100.0000	NaN	NaN	NaN	NaN	NaN	0
33601	59.6867	24.6283	8063	19.0	10	0.0000	100.0000	NaN	NaN	NaN	NaN	NaN	0
33601	59.6867	24.6283	8063	19.0	11	0.0000	100.0000	NaN	NaN	NaN	NaN	NaN	0
33601	59.6867	24.6283	8063	19.0	12	0.0000	100.0000	NaN	NaN	NaN	NaN	NaN	0
33601	59.6867	24.6283	8063	20.0	1	0.0000	100.0000	NaN	NaN	NaN	NaN	NaN	0
33601	59.6867	24.6283	8063	20.0	2	0.0000	100.0000	NaN	NaN	NaN	NaN	NaN	0
33601	59.6867	24.6283	8063	20.0	3	0.0000	100.0000	NaN	NaN	NaN	NaN	NaN	0
33601	59.6867	24.6283	8063	20.0	4	0.0000	100.0000	NaN	NaN	NaN	NaN	NaN	0
33601	59.6867	24.6283	8063	20.0	5	0.0000	100.0000	NaN	NaN	NaN	NaN	NaN	0
33601	59.6867	24.6283	8063	20.0	6	0.0000	100.0000	NaN	NaN	NaN	NaN	NaN	0
33601	59.6867	24.6283	8063	20.0	7	0.0000	100.0000	NaN	NaN	NaN	NaN	NaN	0
33601	59.6867	24.6283	8063	20.0	8	0.0000	100.0000	NaN	NaN	NaN	NaN	NaN	0
33601	59.6867	24.6283	8063	20.0	9	0.0000	100.0000	NaN	NaN	NaN	NaN	NaN	0
33601	59.6867	24.6283	8063	20.0	10	0.0000	100.0000	NaN	NaN	NaN	NaN	NaN	0
33601	59.6867	24.6283	8063	20.0	11	0.0000	100.0000	NaN	NaN	NaN	NaN	NaN	0
33601	59.6867	24.6283	8063	20.0	12	0.0000	100.0000	NaN	NaN	NaN	NaN	NaN	0
33601	59.6867	24.6283	8063	21.0	1	0.0000	100.0000	NaN	NaN	NaN	NaN	NaN	0
33601	59.6867	24.6283	8063	21.0	2	0.0000	100.0000	NaN	NaN	NaN	NaN	NaN	0
33601	59.6867	24.6283	8063	21.0	3	0.0000	100.0000	NaN	NaN	NaN	NaN	NaN	0
33601	59.6867	24.6283	8063	21.0	4	0.0000	100.0000	NaN	NaN	NaN	NaN	NaN	0
33601	59.6867	24.6283	8063	21.0	5	0.0000	100.0000	NaN	NaN	NaN	NaN	NaN	0
33601	59.6867	24.6283	8063	21.0	6	0.0000	100.0000	NaN	NaN	NaN	NaN	NaN	0
33601	59.6867	24.6283	8063	21.0	7	0.0000	100.0000	NaN	NaN	NaN	NaN	NaN	0
33601	59.6867	24.6283	8063	21.0	8	0.0000	100.0000	NaN	NaN	NaN	NaN	NaN	0
33601	59.6867	24.6283	8063	21.0	9	0.0000	100.0000	NaN	NaN	NaN	NaN	NaN	0
33601	59.6867	24.6283	8063	21.0	10	0.0000	100.0000	NaN	NaN	NaN	NaN	NaN	0
33601	59.6867	24.6283	8063	21.0	11	0.0000	100.0000	NaN	NaN	NaN	NaN	NaN	0
33601	59.6867	24.6283	8063	21.0	12	0.0000	100.0000	NaN	NaN	NaN	NaN	NaN	0
33601	59.6867	24.6283	8063	22.0	1	0.0000	100.0000	NaN	NaN	NaN	NaN	NaN	0
33601	59.6867	24.6283	8063	22.0	2	0.0000	100.0000	NaN	NaN	NaN	NaN	NaN	0
33601	59.6867	24.6283	8063	22.0	3	0.0000	100.0000	NaN	NaN	NaN	NaN	NaN	0
33601	59.6867	24.6283	8063	22.0	4	0.0000	100.0000	NaN	NaN	NaN	NaN	NaN	0
33601	59.6867	24.6283	8063	22.0	5	0.0000	100.0000	NaN	NaN	NaN	NaN	NaN	0
33601	59.6867	24.6283	8063	22.0	6	0.0000	100.0000	NaN	NaN	NaN	NaN	NaN	0
33601	59.6867	24.6283	8063	22.0	7	0.0000	100.0000	NaN	NaN	NaN	NaN	NaN	0
33601	59.6867	24.6283	8063	22.0	8	0.0000	100.0000	NaN	NaN	NaN	NaN	NaN	0
33601	59.6867	24.6283	8063	22.0	9	0.0000	100.0000	NaN	NaN	NaN	NaN	NaN	0
33601	59.6867	24.6283	8063	22.0	10	0.0000	100.0000	NaN	NaN	NaN	NaN	NaN	0
33601	59.6867	24.6283	8063	22.0	11	0.0000	100.0000	NaN	NaN	NaN	NaN	NaN	0
33601	59.6867	24.6283	8063	22.0	12	0.0000	100.0000	NaN	NaN	NaN	NaN	NaN	0
33601	59.6867	24.6283	8063	23.0	1	0.0000	100.0000	NaN	NaN	NaN	NaN	NaN	0
33601	59.6867	24.6283	8063	23.0	2	0.0000	100.0000	NaN	NaN	NaN	NaN	NaN	0
33601	59.6867	24.6283	8063	23.0	3	0.0000	100.0000	NaN	NaN	NaN	NaN	NaN	0
33601	59.6867	24.6283	8063	23.0	4	0.0000	100.0000	NaN	NaN	NaN	NaN	NaN	0
33601	59.6867	24.6283	8063	23.0	5	0.0000	100.0000	NaN	NaN	NaN	NaN	NaN	0
33601	59.6867	24.6283	8063	23.0	6	0.0000	100.0000	NaN	NaN	NaN	NaN	NaN	0
33601	59.6867	24.6283	8063	23.0	7	0.0000	100.0000	NaN	NaN	NaN	NaN	NaN	0
33601	59.6867	24.6283	8063	23.0	8	0.0000	100.0000	NaN	NaN	NaN	NaN	NaN	0
33601	59.6867	24.6283	8063	23.0	9	0.0000	100.0000	NaN	NaN	NaN	NaN	NaN	0
33601	59.6867	24.6283	8063	23.0	10	0.0000	100.0000	NaN	NaN	NaN	NaN	NaN	0
33601	59.6867	24.6283	8063	23.0	11	0.0000	100.0000	NaN	NaN	NaN	NaN	NaN	0
33601	59.6867	24.6283	8063	23.0	12	0.0000	100.0000	NaN	NaN	NaN	NaN	NaN	0
33601	59.6867	24.6283	8063	24.0	1	0.0000	100.0000	NaN	NaN	NaN	NaN	NaN	0
33601	59.6867	24.6283	8063	24.0	2	0.0000	100.0000	NaN	NaN	NaN	NaN	NaN	0
33601	59.6867	24.6283	8063	24.0	3	0.0000	100.0000	NaN	NaN	NaN	NaN	NaN	0
33601	59.6867	24.6283	8063	24.0	4	0.0000	100.0000	NaN	NaN	NaN	NaN	NaN	0
33601	59.6867	24.6283	8063	24.0	5	0.0000	100.0000	NaN	NaN	NaN	NaN	NaN	0
33601	59.6867	24.6283	8063	24.0	6	0.0000	100.0000	NaN	NaN	NaN	NaN	NaN	0
33601	59.6867	24.6283	8063	24.0	7	0.0000	100.0000	NaN	NaN	NaN	NaN	NaN	0
33601	59.6867	24.6283	8063	24.0	8	0.0000	100.0000	NaN	NaN	NaN	NaN	NaN	0
33601	59.6867	24.6283	8063	24.0	9	0.0000	100.0000	NaN	NaN	NaN	NaN	NaN	0
33601	59.6867	24.6283	8063	24.0	10	0.0000	100.0000	NaN	NaN	NaN	NaN	NaN	0
33601	59.6867	24.6283	8063	24.0	11	0.0000	100.0000	NaN	NaN	NaN	NaN	NaN	0
33601	59.6867	24.6283	8063	24.0	12	0.0000	100.0000	NaN	NaN	NaN	NaN	NaN	0
33601	59.6867	24.6283	8063	25.0	1	0.0000	100.0000	NaN	NaN	NaN	NaN	NaN	0
33601	59.6867	24.6283	8063	25.0	2	0.0000	100.0000	NaN	NaN	NaN	NaN	NaN	0
33601	59.6867	24.6283	8063	25.0	3	0.0000	100.0000	NaN	NaN	NaN	NaN	NaN	0
33601	59.6867	24.6283	8063	25.0	4	0.0000	100.0000	NaN	NaN	NaN	NaN	NaN	0
33601	59.6867	24.6283	8063	25.0	5	0.0000	100.0000	NaN	NaN	NaN	NaN	NaN	0
33601	59.6867	24.6283	8063	25.0	6	0.0000	100.0000	NaN	NaN	NaN	NaN	NaN	0
33601	59.6867	24.6283	8063	25.0	7	0.0000	100.0000	NaN	NaN	NaN	NaN	NaN	0
33601	59.6867	24.6283	8063	25.0	8	0.0000	100.0000	NaN	NaN	NaN	NaN	NaN	0
33601	59.6867	24.6283	8063	25.0	9	0.0000	100.0000	NaN	NaN	NaN	NaN	NaN	0
33601	59.6867	24.6283	8063	25.0	10	0.0000	100.0000	NaN	NaN	NaN	NaN	NaN	0
33601	59.6867	24.6283	8063	25.0	11	0.0000	100.0000	NaN	NaN	NaN	NaN	NaN	0
33601	59.6867	24.6283	8063	25.0	12	0.0000	100.0000	NaN	NaN	NaN	NaN	NaN	0
33601	59.6867	24.6283	8063	26.0	1	0.0000	100.0000	NaN	NaN	NaN	NaN	NaN	0
33601	59.6867	24.6283	8063	26.0	2	0.0000	100.0000	NaN	NaN	NaN	NaN	NaN	0
33601	59.6867	24.6283	8063	26.0	3	0.0000	100.0000	NaN	NaN	NaN	NaN	NaN	0
33601	59.6867	24.6283	8063	26.0	4	0.0000	100.0000	NaN	NaN	NaN	NaN	NaN	0
33601	59.6867	24.6283	8063	26.0	5	0.0000	100.0000	NaN	NaN	NaN	NaN	NaN	0
33601	59.6867	24.6283	8063	26.0	6	0.0000	100.0000	NaN	NaN	NaN	NaN	NaN	0
33601	59.6867	24.6283	8063	26.0	7	0.0000	100.0000	NaN	NaN	NaN	NaN	NaN	0
33601	59.6867	24.6283	8063	26.0	8	0.0000	100.0000	NaN	NaN	NaN	NaN	NaN	0
33601	59.6867	24.6283	8063	26.0	9	0.0000	100.0000	NaN	NaN	NaN	NaN	NaN	0
33601	59.6867	24.6283	8063	26.0	10	0.0000	100.0000	NaN	NaN	NaN	NaN	NaN	0
33601	59.6867	24.6283	8063	26.0	11	0.0000	100.0000	NaN	NaN	NaN	NaN	NaN	0
33601	59.6867	24.6283	8063	26.0	12	0.0000	100.0000	NaN	NaN	NaN	NaN	NaN	0
33601	59.6867	24.6283	8063	27.0	1	0.0000	100.0000	NaN	NaN	NaN	NaN	NaN	0
33601	59.6867	24.6283	8063	27.0	2	0.0000	100.0000	NaN	NaN	NaN	NaN	NaN	0
33601	59.6867	24.6283	8063	27.0	3	0.0000	100.0000	NaN	NaN	NaN	NaN	NaN	0
33601	59.6867	24.6283	8063	27.0	4	0.0000	100.0000	NaN	NaN	NaN	NaN	NaN	0
33601	59.6867	24.6283	8063	27.0	5	0.0000	100.0000	NaN	NaN	NaN	NaN	NaN	0
33601	59.6867	24.6283	8063	27.0	6	0.0000	100.0000	NaN	NaN	NaN	NaN	NaN	0
33601	59.6867	24.6283	8063	27.0	7	0.0000	100.0000	NaN	NaN	NaN	NaN	NaN	0
33601	59.6867	24.6283	8063	27.0	8	0.0000	100.0000	NaN	NaN	NaN	NaN	NaN	0
33601	59.6867	24.6283	8063	27.0	9	0.0000	100.0000	NaN	NaN	NaN	NaN	NaN	0
33601	59.6867	24.6283	8063	27.0	10	0.0000	100.0000	NaN	NaN	NaN	NaN	NaN	0
33601	59.6867	24.6283	8063	27.0	11	0.0000	100.0000	NaN	NaN	NaN	NaN	NaN	0
33601	59.6867	24.6283	8063	27.0	12	0.0000	100.0000	NaN	NaN	NaN	NaN	NaN	0
33601	59.6867	24.6283	8063	28.0	1	0.0000	100.0000	NaN	NaN	NaN	NaN	NaN	0
33601	59.6867	24.6283	8063	28.0	2	0.0000	100.0000	NaN	NaN	NaN	NaN	NaN	0
33601	59.6867	24.6283	8063	28.0	3	0.0000	100.0000	NaN	NaN	NaN	NaN	NaN	0
33601	59.6867	24.6283	8063	28.0	4	0.0000	100.0000	NaN	NaN	NaN	NaN	NaN	0
33601	59.6867	24.6283	8063	28.0	5	0.0000	100.0000	NaN	NaN	NaN	NaN	NaN	0
33601	59.6867	24.6283	8063	28.0	6	0.0000	100.0000	NaN	NaN	NaN	NaN	NaN	0
33601	59.6867	24.6283	8063	28.0	7	0.0000	100.0000	NaN	NaN	NaN	NaN	NaN	0
33601	59.6867	24.6283	8063	28.0	8	0.0000	100.0000	NaN	NaN	NaN	NaN	NaN	0
33601	59.6867	24.6283	8063	28.0	9	0.0000	100.0000	NaN	NaN	NaN	NaN	NaN	0
33601	59.6867	24.6283	8063	28.0	10	0.0000	100.0000	NaN	NaN	NaN	NaN	NaN	0
33601	59.6867	24.6283	8063	28.0	11	0.0000	100.0000	NaN	NaN	NaN	NaN	NaN	0
33601	59.6867	24.6283	8063	28.0	12	0.0000	100.0000	NaN	NaN	NaN	NaN	NaN	0
33601	59.6867	24.6283	8063	29.0	1	0.0000	100.0000	NaN	NaN	NaN	NaN	NaN	0
33601	59.6867	24.6283	8063	29.0	2	0.0000	100.0000	NaN	NaN	NaN	NaN	NaN	0
33601	59.6867	24.6283	8063	29.0	3	0.0000	100.0000	NaN	NaN	NaN	NaN	NaN	0
33601	59.6867	24.6283	8063	29.0	4	0.0000	100.0000	NaN	NaN	NaN	NaN	NaN	0
33601	59.6867	24.6283	8063	29.0	5	0.0000	100.0000	NaN	NaN	NaN	NaN	NaN	0
33601	59.6867	24.6283	8063	29.0	6	0.0000	100.0000	NaN	NaN	NaN	NaN	NaN	0
33601	59.6867	24.6283	8063	29.0	7	0.0000	100.0000	NaN	NaN	NaN	NaN	NaN	0
33601	59.6867	24.6283	8063	29.0	8	0.0000	100.0000	NaN	NaN	NaN	NaN	NaN	0
33601	59.6867	24.6283	8063	29.0	9	0.0000	100.0000	NaN	NaN	NaN	NaN	NaN	0
33601	59.6867	24.6283	8063	29.0	10	0.0000	100.0000	NaN	NaN	NaN	NaN	NaN	0
33601	59.6867	24.6283	8063	29.0	11	0.0000	100.0000	NaN	NaN	NaN	NaN	NaN	0
33601	59.6867	24.6283	8063	29.0	12	0.0000	100.0000	NaN	NaN	NaN	NaN	NaN	0
33601	59.6867	24.6283	8063	30.0	1	0.0000	100.0000	NaN	NaN	NaN	NaN	NaN	0
33601	59.6867	24.6283	8063	30.0	2	0.0000	100.0000	NaN	NaN	NaN	NaN	NaN	0
33601	59.6867	24.6283	8063	30.0	3	0.0000	100.0000	NaN	NaN	NaN	NaN	NaN	0
33601	59.6867	24.6283	8063	30.0	4	0.0000	100.0000	NaN	NaN	NaN	NaN	NaN	0
33601	59.6867	24.6283	8063	30.0	5	0.0000	100.0000	NaN	NaN	NaN	NaN	NaN	0
33601	59.6867	24.6283	8063	30.0	6	0.0000	100.0000	NaN	NaN	NaN	NaN	NaN	0
33601	59.6867	24.6283	8063	30.0	7	0.0000	100.0000	NaN	NaN	NaN	NaN	NaN	0
33601	59.6867	24.6283	8063	30.0	8	0.0000	100.0000	NaN	NaN	NaN	NaN	NaN	0
33601	59.6867	24.6283	8063	30.0	9	0.0000	100.0000	NaN	NaN	NaN	NaN	NaN	0
33601	59.6867	24.6283	8063	30.0	10	0.0000	100.0000	NaN	NaN	NaN	NaN	NaN	0
33601	59.6867	24.6283	8063	30.0	11	0.0000	100.0000	NaN	NaN	NaN	NaN	NaN	0
33601	59.6867	24.6283	8063	30.0	12	0.0000	100.0000	NaN	NaN	NaN	NaN	NaN	0
33601	59.6867	24.6283	8063	31.0	1	0.0000	100.0000	NaN	NaN	NaN	NaN	NaN	0
33601	59.6867	24.6283	8063	31.0	2	0.0000	100.0000	NaN	NaN	NaN	NaN	NaN	0
33601	59.6867	24.6283	8063	31.0	3	0.0000	100.0000	NaN	NaN	NaN	NaN	NaN	0
33601	59.6867	24.6283	8063	31.0	4	0.0000	100.0000	NaN	NaN	NaN	NaN	NaN	0
33601	59.6867	24.6283	8063	31.0	5	0.0000	100.0000	NaN	NaN	NaN	NaN	NaN	0
33601	59.6867	24.6283	8063	31.0	6	0.0000	100.0000	NaN	NaN	NaN	NaN	NaN	0
33601	59.6867	24.6283	8063	31.0	7	0.0000	100.0000	NaN	NaN	NaN	NaN	NaN	0
33601	59.6867	24.6283	8063	31.0	8	0.0000	100.0000	NaN	NaN	NaN	NaN	NaN	0
33601	59.6867	24.6283	8063	31.0	9	0.0000	100.0000	NaN	NaN	NaN	NaN	NaN	0
33601	59.6867	24.6283	8063	31.0	10	0.0000	100.0000	NaN	NaN	NaN	NaN	NaN	0
33601	59.6867	24.6283	8063	31.0	11	0.0000	100.0000	NaN	NaN	NaN	NaN	NaN	0
33601	59.6867	24.6283	8063	31.0	12	0.0000	100.0000	NaN	NaN	NaN	NaN	NaN	0
33601	59.6867	24.6283	8063	32.0	1	0.0000	100.0000	NaN	NaN	NaN	NaN	NaN	0
33601	59.6867	24.6283	8063	32.0	2	0.0000	100.0000	NaN	NaN	NaN	NaN	NaN	0
33601	59.6867	24.6283	8063	32.0	3	0.0000	100.0000	NaN	NaN	NaN	NaN	NaN	0
33601	59.6867	24.6283	8063	32.0	4	0.0000	100.0000	NaN	NaN	NaN	NaN	NaN	0
33601	59.6867	24.6283	8063	32.0	5	0.0000	100.0000	NaN	NaN	NaN	NaN	NaN	0
33601	59.6867	24.6283	8063	32.0	6	0.0000	100.0000	NaN	NaN	NaN	NaN	NaN	0
33601	59.6867	24.6283	8063	32.0	7	0.0000	100.0000	NaN	NaN	NaN	NaN	NaN	0
33601	59.6867	24.6283	8063	32.0	8	0.0000	100.0000	NaN	NaN	NaN	NaN	NaN	0
33601	59.6867	24.6283	8063	32.0	9	0.0000	100.0000	NaN	NaN	NaN	NaN	NaN	0
33601	59.6867	24.6283	8063	32.0	10	0.0000	100.0000	NaN	NaN	NaN	NaN	NaN	0
33601	59.6867	24.6283	8063	32.0	11	0.0000	100.0000	NaN	NaN	NaN	NaN	NaN	0
33601	59.6867	24.6283	8063	32.0	12	0.0000	100.0000	NaN	NaN	NaN	NaN	NaN	0
33601	59.6867	24.6283	8063	33.0	1	0.0000	100.0000	NaN	NaN	NaN	NaN	NaN	0
33601	59.6867	24.6283	8063	33.0	2	0.0000	100.0000	NaN	NaN	NaN	NaN	NaN	0
33601	59.6867	24.6283	8063	33.0	3	0.0000	100.0000	NaN	NaN	NaN	NaN	NaN	0
33601	59.6867	24.6283	8063	33.0	4	0.0000	100.0000	NaN	NaN	NaN	NaN	NaN	0
33601	59.6867	24.6283	8063	33.0	5	0.0000	100.0000	NaN	NaN	NaN	NaN	NaN	0
33601	59.6867	24.6283	8063	33.0	6	0.0000	100.0000	NaN	NaN	NaN	NaN	NaN	0
33601	59.6867	24.6283	8063	33.0	7	0.0000	100.0000	NaN	NaN	NaN	NaN	NaN	0
33601	59.6867	24.6283	8063	33.0	8	0.0000	100.0000	NaN	NaN	NaN	NaN	NaN	0
33601	59.6867	24.6283	8063	33.0	9	0.0000	100.0000	NaN	NaN	NaN	NaN	NaN	0
33601	59.6867	24.6283	8063	33.0	10	0.0000	100.0000	NaN	NaN	NaN	NaN	NaN	0
33601	59.6867	24.6283	8063	33.0	11	0.0000	100.0000	NaN	NaN	NaN	NaN	NaN	0
33601	59.6867	24.6283	8063	33.0	12	0.0000	100.0000	NaN	NaN	NaN	NaN	NaN	0
33601	59.6867	24.6283	8063	34.0	1	0.0000	100.0000	NaN	NaN	NaN	NaN	NaN	0
33601	59.6867	24.6283	8063	34.0	2	0.0000	100.0000	NaN	NaN	NaN	NaN	NaN	0
33601	59.6867	24.6283	8063	34.0	3	0.0000	100.0000	NaN	NaN	NaN	NaN	NaN	0
33601	59.6867	24.6283	8063	34.0	4	0.0000	100.0000	NaN	NaN	NaN	NaN	NaN	0
33601	59.6867	24.6283	8063	34.0	5	0.0000	100.0000	NaN	NaN	NaN	NaN	NaN	0
33601	59.6867	24.6283	8063	34.0	6	0.0000	100.0000	NaN	NaN	NaN	NaN	NaN	0
33601	59.6867	24.6283	8063	34.0	7	0.0000	100.0000	NaN	NaN	NaN	NaN	NaN	0
33601	59.6867	24.6283	8063	34.0	8	0.0000	100.0000	NaN	NaN	NaN	NaN	NaN	0
33601	59.6867	24.6283	8063	34.0	9	0.0000	100.0000	NaN	NaN	NaN	NaN	NaN	0
33601	59.6867	24.6283	8063	34.0	10	0.0000	100.0000	NaN	NaN	NaN	NaN	NaN	0
33601	59.6867	24.6283	8063	34.0	11	0.0000	100.0000	NaN	NaN	NaN	NaN	NaN	0
33601	59.6867	24.6283	8063	34.0	12	0.0000	100.0000	NaN	NaN	NaN	NaN	NaN	0
33601	59.6867	24.6283	8063	35.0	1	0.0000	100.0000	NaN	NaN	NaN	NaN	NaN	0
33601	59.6867	24.6283	8063	35.0	2	0.0000	100.0000	NaN	NaN	NaN	NaN	NaN	0
33601	59.6867	24.6283	8063	35.0	3	0.0000	100.0000	NaN	NaN	NaN	NaN	NaN	0
33601	59.6867	24.6283	8063	35.0	4	0.0000	100.0000	NaN	NaN	NaN	NaN	NaN	0
33601	59.6867	24.6283	8063	35.0	5	0.0000	100.0000	NaN	NaN	NaN	NaN	NaN	0
33601	59.6867	24.6283	8063	35.0	6	0.0000	100.0000	NaN	NaN	NaN	NaN	NaN	0
33601	59.6867	24.6283	8063	35.0	7	0.0000	100.0000	NaN	NaN	NaN	NaN	NaN	0
33601	59.6867	24.6283	8063	35.0	8	0.0000	100.0000	NaN	NaN	NaN	NaN	NaN	0
33601	59.6867	24.6283	8063	35.0	9	0.0000	100.0000	NaN	NaN	NaN	NaN	NaN	0
33601	59.6867	24.6283	8063	35.0	10	0.0000	100.0000	NaN	NaN	NaN	NaN	NaN	0
33601	59.6867	24.6283	8063	35.0	11	0.0000	100.0000	NaN	NaN	NaN	NaN	NaN	0
33601	59.6867	24.6283	8063	35.0	12	0.0000	100.0000	NaN	NaN	NaN	NaN	NaN	0
33601	59.6867	24.6283	8063	36.0	1	0.0000	100.0000	NaN	NaN	NaN	NaN	NaN	0
33601	59.6867	24.6283	8063	36.0	2	0.0000	100.0000	NaN	NaN	NaN	NaN	NaN	0
33601	59.6867	24.6283	8063	36.0	3	0.0000	100.0000	NaN	NaN	NaN	NaN	NaN	0
33601	59.6867	24.6283	8063	36.0	4	0.0000	100.0000	NaN	NaN	NaN	NaN	NaN	0
33601	59.6867	24.6283	8063	36.0	5	0.0000	100.0000	NaN	NaN	NaN	NaN	NaN	0
33601	59.6867	24.6283	8063	36.0	6	0.0000	100.0000	NaN	NaN	NaN	NaN	NaN	0
33601	59.6867	24.6283	8063	36.0	7	0.0000	100.0000	NaN	NaN	NaN	NaN	NaN	0
33601	59.6867	24.6283	8063	36.0	8	0.0000	100.0000	NaN	NaN	NaN	NaN	NaN	0
33601	59.6867	24.6283	8063	36.0	9	0.0000	100.0000	NaN	NaN	NaN	NaN	NaN	0
33601	59.6867	24.6283	8063	36.0	10	0.0000	100.0000	NaN	NaN	NaN	NaN	NaN	0
33601	59.6867	24.6283	8063	36.0	11	0.0000	100.0000	NaN	NaN	NaN	NaN	NaN	0
33601	59.6867	24.6283	8063	36.0	12	0.0000	100.0000	NaN	NaN	NaN	NaN	NaN	0
33601	59.6867	24.6283	8063	37.0	1	0.0000	100.0000	NaN	NaN	NaN	NaN	NaN	0
33601	59.6867	24.6283	8063	37.0	2	0.0000	100.0000	NaN	NaN	NaN	NaN	NaN	0
33601	59.6867	24.6283	8063	37.0	3	0.0000	100.0000	NaN	NaN	NaN	NaN	NaN	0
33601	59.6867	24.6283	8063	37.0	4	0.0000	100.0000	NaN	NaN	NaN	NaN	NaN	0
33601	59.6867	24.6283	8063	37.0	5	0.0000	100.0000	NaN	NaN	NaN	NaN	NaN	0
33601	59.6867	24.6283	8063	37.0	6	0.0000	100.0000	NaN	NaN	NaN	NaN	NaN	0
33601	59.6867	24.6283	8063	37.0	7	0.0000	100.0000	NaN	NaN	NaN	NaN	NaN	0
33601	59.6867	24.6283	8063	37.0	8	0.0000	100.0000	NaN	NaN	NaN	NaN	NaN	0
33601	59.6867	24.6283	8063	37.0	9	0.0000	100.0000	NaN	NaN	NaN	NaN	NaN	0
33601	59.6867	24.6283	8063	37.0	10	0.0000	100.0000	NaN	NaN	NaN	NaN	NaN	0
33601	59.6867	24.6283	8063	37.0	11	0.0000	100.0000	NaN	NaN	NaN	NaN	NaN	0
33601	59.6867	24.6283	8063	37.0	12	0.0000	100.0000	NaN	NaN	NaN	NaN	NaN	0
33601	59.6867	24.6283	8063	38.0	1	0.0000	100.0000	NaN	NaN	NaN	NaN	NaN	0
33601	59.6867	24.6283	8063	38.0	2	0.0000	100.0000	NaN	NaN	NaN	NaN	NaN	0
33601	59.6867	24.6283	8063	38.0	3	0.0000	100.0000	NaN	NaN	NaN	NaN	NaN	0
33601	59.6867	24.6283	8063	38.0	4	0.0000	100.0000	NaN	NaN	NaN	NaN	NaN	0
33601	59.6867	24.6283	8063	38.0	5	0.0000	100.0000	NaN	NaN	NaN	NaN	NaN	0
33601	59.6867	24.6283	8063	38.0	6	0.0000	100.0000	NaN	NaN	NaN	NaN	NaN	0
33601	59.6867	24.6283	8063	38.0	7	0.0000	100.0000	NaN	NaN	NaN	NaN	NaN	0
33601	59.6867	24.6283	8063	38.0	8	0.0000	100.0000	NaN	NaN	NaN	NaN	NaN	0
33601	59.6867	24.6283	8063	38.0	9	0.0000	100.0000	NaN	NaN	NaN	NaN	NaN	0
33601	59.6867	24.6283	8063	38.0	10	0.0000	100.0000	NaN	NaN	NaN	NaN	NaN	0
33601	59.6867	24.6283	8063	38.0	11	0.0000	100.0000	NaN	NaN	NaN	NaN	NaN	0
33601	59.6867	24.6283	8063	38.0	12	0.0000	100.0000	NaN	NaN	NaN	NaN	NaN	0
33601	59.6867	24.6283	8063	39.0	1	0.0000	100.0000	NaN	NaN	NaN	NaN	NaN	0
33601	59.6867	24.6283	8063	39.0	2	0.0000	100.0000	NaN	NaN	NaN	NaN	NaN	0
33601	59.6867	24.6283	8063	39.0	3	0.0000	100.0000	NaN	NaN	NaN	NaN	NaN	0
33601	59.6867	24.6283	8063	39.0	4	0.0000	100.0000	NaN	NaN	NaN	NaN	NaN	0
33601	59.6867	24.6283	8063	39.0	5	0.0000	100.0000	NaN	NaN	NaN	NaN	NaN	0
33601	59.6867	24.6283	8063	39.0	6	0.0000	100.0000	NaN	NaN	NaN	NaN	NaN	0
33601	59.6867	24.6283	8063	39.0	7	0.0000	100.0000	NaN	NaN	NaN	NaN	NaN	0
33601	59.6867	24.6283	8063	39.0	8	0.0000	100.0000	NaN	NaN	NaN	NaN	NaN	0
33601	59.6867	24.6283	8063	39.0	9	0.0000	100.0000	NaN	NaN	NaN	NaN	NaN	0
33601	59.6867	24.6283	8063	39.0	10	0.0000	100.0000	NaN	NaN	NaN	NaN	NaN	0
33601	59.6867	24.6283	8063	39.0	11	0.0000	100.0000	NaN	NaN	NaN	NaN	NaN	0
33601	59.6867	24.6283	8063	39.0	12	0.0000	100.0000	NaN	NaN	NaN	NaN	NaN	0
33601	59.6867	24.6283	8063	40.0	1	0.0000	100.0000	NaN	NaN	NaN	NaN	NaN	0
33601	59.6867	24.6283	8063	40.0	2	0.0000	100.0000	NaN	NaN	NaN	NaN	NaN	0
33601	59.6867	24.6283	8063	40.0	3	0.0000	100.0000	NaN	NaN	NaN	NaN	NaN	0
33601	59.6867	24.6283	8063	40.0	4	0.0000	100.0000	NaN	NaN	NaN	NaN	NaN	0
33601	59.6867	24.6283	8063	40.0	5	0.0000	100.0000	NaN	NaN	NaN	NaN	NaN	0
33601	59.6867	24.6283	8063	40.0	6	0.0000	100.0000	NaN	NaN	NaN	NaN	NaN	0
33601	59.6867	24.6283	8063	40.0	7	0.0000	100.0000	NaN	NaN	NaN	NaN	NaN	0
33601	59.6867	24.6283	8063	40.0	8	0.0000	100.0000	NaN	NaN	NaN	NaN	NaN	0
33601	59.6867	24.6283	8063	40.0	9	0.0000	100.0000	NaN	NaN	NaN	NaN	NaN	0
33601	59.6867	24.6283	8063	40.0	10	0.0000	100.0000	NaN	NaN	NaN	NaN	NaN	0
33601	59.6867	24.6283	8063	40.0	11	0.0000	100.0000	NaN	NaN	NaN	NaN	NaN	0
33601	59.6867	24.6283	8063	40.0	12	0.0000	100.0000	NaN	NaN	NaN	NaN	NaN	0
33601	59.6867	24.6283	8063	41.0	1	0.0000	100.0000	NaN	NaN	NaN	NaN	NaN	0
33601	59.6867	24.6283	8063	41.0	2	0.0000	100.0000	NaN	NaN	NaN	NaN	NaN	0
33601	59.6867	24.6283	8063	41.0	3	0.0000	100.0000	NaN	NaN	NaN	NaN	NaN	0
33601	59.6867	24.6283	8063	41.0	4	0.0000	100.0000	NaN	NaN	NaN	NaN	NaN	0
33601	59.6867	24.6283	8063	41.0	5	0.0000	100.0000	NaN	NaN	NaN	NaN	NaN	0
33601	59.6867	24.6283	8063	41.0	6	0.0000	100.0000	NaN	NaN	NaN	NaN	NaN	0
33601	59.6867	24.6283	8063	41.0	7	0.0000	100.0000	NaN	NaN	NaN	NaN	NaN	0
33601	59.6867	24.6283	8063	41.0	8	0.0000	100.0000	NaN	NaN	NaN	NaN	NaN	0
33601	59.6867	24.6283	8063	41.0	9	0.0000	100.0000	NaN	NaN	NaN	NaN	NaN	0
33601	59.6867	24.6283	8063	41.0	10	0.0000	100.0000	NaN	NaN	NaN	NaN	NaN	0
33601	59.6867	24.6283	8063	41.0	11	0.0000	100.0000	NaN	NaN	NaN	NaN	NaN	0
33601	59.6867	24.6283	8063	41.0	12	0.0000	100.0000	NaN	NaN	NaN	NaN	NaN	0
33601	59.6867	24.6283	8063	42.0	1	0.0000	100.0000	NaN	NaN	NaN	NaN	NaN	0
33601	59.6867	24.6283	8063	42.0	2	0.0000	100.0000	NaN	NaN	NaN	NaN	NaN	0
33601	59.6867	24.6283	8063	42.0	3	0.0000	100.0000	NaN	NaN	NaN	NaN	NaN	0
33601	59.6867	24.6283	8063	42.0	4	0.0000	100.0000	NaN	NaN	NaN	NaN	NaN	0
33601	59.6867	24.6283	8063	42.0	5	0.0000	100.0000	NaN	NaN	NaN	NaN	NaN	0
33601	59.6867	24.6283	8063	42.0	6	0.0000	100.0000	NaN	NaN	NaN	NaN	NaN	0
33601	59.6867	24.6283	8063	42.0	7	0.0000	100.0000	NaN	NaN	NaN	NaN	NaN	0
33601	59.6867	24.6283	8063	42.0	8	0.0000	100.0000	NaN	NaN	NaN	NaN	NaN	0
33601	59.6867	24.6283	8063	42.0	9	0.0000	100.0000	NaN	NaN	NaN	NaN	NaN	0
33601	59.6867	24.6283	8063	42.0	10	0.0000	100.0000	NaN	NaN	NaN	NaN	NaN	0
33601	59.6867	24.6283	8063	42.0	11	0.0000	100.0000	NaN	NaN	NaN	NaN	NaN	0
33601	59.6867	24.6283	8063	42.0	12	0.0000	100.0000	NaN	NaN	NaN	NaN	NaN	0
33601	59.6867	24.6283	8063	43.0	1	0.0000	100.0000	NaN	NaN	NaN	NaN	NaN	0
33601	59.6867	24.6283	8063	43.0	2	0.0000	100.0000	NaN	NaN	NaN	NaN	NaN	0
33601	59.6867	24.6283	8063	43.0	3	0.0000	100.0000	NaN	NaN	NaN	NaN	NaN	0
33601	59.6867	24.6283	8063	43.0	4	0.0000	100.0000	NaN	NaN	NaN	NaN	NaN	0
33601	59.6867	24.6283	8063	43.0	5	0.0000	100.0000	NaN	NaN	NaN	NaN	NaN	0
33601	59.6867	24.6283	8063	43.0	6	0.0000	100.0000	NaN	NaN	NaN	NaN	NaN	0
33601	59.6867	24.6283	8063	43.0	7	0.0000	100.0000	NaN	NaN	NaN	NaN	NaN	0
33601	59.6867	24.6283	8063	43.0	8	0.0000	100.0000	NaN	NaN	NaN	NaN	NaN	0
33601	59.6867	24.6283	8063	43.0	9	0.0000	100.0000	NaN	NaN	NaN	NaN	NaN	0
33601	59.6867	24.6283	8063	43.0	10	0.0000	100.0000	NaN	NaN	NaN	NaN	NaN	0
33601	59.6867	24.6283	8063	43.0	11	0.0000	100.0000	NaN	NaN	NaN	NaN	NaN	0
33601	59.6867	24.6283	8063	43.0	12	0.0000	100.0000	NaN	NaN	NaN	NaN	NaN	0
33601	59.6867	24.6283	8063	44.0	1	0.0000	100.0000	NaN	NaN	NaN	NaN	NaN	0
33601	59.6867	24.6283	8063	44.0	2	0.0000	100.0000	NaN	NaN	NaN	NaN	NaN	0
33601	59.6867	24.6283	8063	44.0	3	0.0000	100.0000	NaN	NaN	NaN	NaN	NaN	0
33601	59.6867	24.6283	8063	44.0	4	0.0000	100.0000	NaN	NaN	NaN	NaN	NaN	0
33601	59.6867	24.6283	8063	44.0	5	0.0000	100.0000	NaN	NaN	NaN	NaN	NaN	0
33601	59.6867	24.6283	8063	44.0	6	0.0000	100.0000	NaN	NaN	NaN	NaN	NaN	0
33601	59.6867	24.6283	8063	44.0	7	0.0000	100.0000	NaN	NaN	NaN	NaN	NaN	0
33601	59.6867	24.6283	8063	44.0	8	0.0000	100.0000	NaN	NaN	NaN	NaN	NaN	0
33601	59.6867	24.6283	8063	44.0	9	0.0000	100.0000	NaN	NaN	NaN	NaN	NaN	0
33601	59.6867	24.6283	8063	44.0	10	0.0000	100.0000	NaN	NaN	NaN	NaN	NaN	0
33601	59.6867	24.6283	8063	44.0	11	0.0000	100.0000	NaN	NaN	NaN	NaN	NaN	0
33601	59.6867	24.6283	8063	44.0	12	0.0000	100.0000	NaN	NaN	NaN	NaN	NaN	0
33601	59.6867	24.6283	8063	45.0	1	0.0000	100.0000	NaN	NaN	NaN	NaN	NaN	0
33601	59.6867	24.6283	8063	45.0	2	0.0000	100.0000	NaN	NaN	NaN	NaN	NaN	0
33601	59.6867	24.6283	8063	45.0	3	0.0000	100.0000	NaN	NaN	NaN	NaN	NaN	0
33601	59.6867	24.6283	8063	45.0	4	0.0000	100.0000	NaN	NaN	NaN	NaN	NaN	0
33601	59.6867	24.6283	8063	45.0	5	0.0000	100.0000	NaN	NaN	NaN	NaN	NaN	0
33601	59.6867	24.6283	8063	45.0	6	0.0000	100.0000	NaN	NaN	NaN	NaN	NaN	0
33601	59.6867	24.6283	8063	45.0	7	0.0000	100.0000	NaN	NaN	NaN	NaN	NaN	0
33601	59.6867	24.6283	8063	45.0	8	0.0000	100.0000	NaN	NaN	NaN	NaN	NaN	0
33601	59.6867	24.6283	8063	45.0	9	0.0000	100.0000	NaN	NaN	NaN	NaN	NaN	0
33601	59.6867	24.6283	8063	45.0	10	0.0000	100.0000	NaN	NaN	NaN	NaN	NaN	0
33601	59.6867	24.6283	8063	45.0	11	0.0000	100.0000	NaN	NaN	NaN	NaN	NaN	0
33601	59.6867	24.6283	8063	45.0	12	0.0000	100.0000	NaN	NaN	NaN	NaN	NaN	0
33601	59.6867	24.6283	8063	46.0	1	0.0000	100.0000	NaN	NaN	NaN	NaN	NaN	0
33601	59.6867	24.6283	8063	46.0	2	0.0000	100.0000	NaN	NaN	NaN	NaN	NaN	0
33601	59.6867	24.6283	8063	46.0	3	0.0000	100.0000	NaN	NaN	NaN	NaN	NaN	0
33601	59.6867	24.6283	8063	46.0	4	0.0000	100.0000	NaN	NaN	NaN	NaN	NaN	0
33601	59.6867	24.6283	8063	46.0	5	0.0000	100.0000	NaN	NaN	NaN	NaN	NaN	0
33601	59.6867	24.6283	8063	46.0	6	0.0000	100.0000	NaN	NaN	NaN	NaN	NaN	0
33601	59.6867	24.6283	8063	46.0	7	0.0000	100.0000	NaN	NaN	NaN	NaN	NaN	0
33601	59.6867	24.6283	8063	46.0	8	0.0000	100.0000	NaN	NaN	NaN	NaN	NaN	0
33601	59.6867	24.6283	8063	46.0	9	0.0000	100.0000	NaN	NaN	NaN	NaN	NaN	0
33601	59.6867	24.6283	8063	46.0	10	0.0000	100.0000	NaN	NaN	NaN	NaN	NaN	0
33601	59.6867	24.6283	8063	46.0	11	0.0000	100.0000	NaN	NaN	NaN	NaN	NaN	0
33601	59.6867	24.6283	8063	46.0	12	0.0000	100.0000	NaN	NaN	NaN	NaN	NaN	0
33601	59.6867	24.6283	8063	47.0	1	0.0000	100.0000	NaN	NaN	NaN	NaN	NaN	0
33601	59.6867	24.6283	8063	47.0	2	0.0000	100.0000	NaN	NaN	NaN	NaN	NaN	0
33601	59.6867	24.6283	8063	47.0	3	0.0000	100.0000	NaN	NaN	NaN	NaN	NaN	0
33601	59.6867	24.6283	8063	47.0	4	0.0000	100.0000	NaN	NaN	NaN	NaN	NaN	0
33601	59.6867	24.6283	8063	47.0	5	0.0000	100.0000	NaN	NaN	NaN	NaN	NaN	0
33601	59.6867	24.6283	8063	47.0	6	0.0000	100.0000	NaN	NaN	NaN	NaN	NaN	0
33601	59.6867	24.6283	8063	47.0	7	0.0000	100.0000	NaN	NaN	NaN	NaN	NaN	0
33601	59.6867	24.6283	8063	47.0	8	0.0000	100.0000	NaN	NaN	NaN	NaN	NaN	0
33601	59.6867	24.6283	8063	47.0	9	0.0000	100.0000	NaN	NaN	NaN	NaN	NaN	0
33601	59.6867	24.6283	8063	47.0	10	0.0000	100.0000	NaN	NaN	NaN	NaN	NaN	0
33601	59.6867	24.6283	8063	47.0	11	0.0000	100.0000	NaN	NaN	NaN	NaN	NaN	0
33601	59.6867	24.6283	8063	47.0	12	0.0000	100.0000	NaN	NaN	NaN	NaN	NaN	0
33601	59.6867	24.6283	8063	48.0	1	0.0000	100.0000	NaN	NaN	NaN	NaN	NaN	0
33601	59.6867	24.6283	8063	48.0	2	0.0000	100.0000	NaN	NaN	NaN	NaN	NaN	0
33601	59.6867	24.6283	8063	48.0	3	0.0000	100.0000	NaN	NaN	NaN	NaN	NaN	0
33601	59.6867	24.6283	8063	48.0	4	0.0000	100.0000	NaN	NaN	NaN	NaN	NaN	0
33601	59.6867	24.6283	8063	48.0	5	0.0000	100.0000	NaN	NaN	NaN	NaN	NaN	0
33601	59.6867	24.6283	8063	48.0	6	0.0000	100.0000	NaN	NaN	NaN	NaN	NaN	0
33601	59.6867	24.6283	8063	48.0	7	0.0000	100.0000	NaN	NaN	NaN	NaN	NaN	0
33601	59.6867	24.6283	8063	48.0	8	0.0000	100.0000	NaN	NaN	NaN	NaN	NaN	0
33601	59.6867	24.6283	8063	48.0	9	0.0000	100.0000	NaN	NaN	NaN	NaN	NaN	0
33601	59.6867	24.6283	8063	48.0	10	0.0000	100.0000	NaN	NaN	NaN	NaN	NaN	0
33601	59.6867	24.6283	8063	48.0	11	0.0000	100.0000	NaN	NaN	NaN	NaN	NaN	0
33601	59.6867	24.6283	8063	48.0	12	0.0000	100.0000	NaN	NaN	NaN	NaN	NaN	0
33601	59.6867	24.6283	8063	49.0	1	0.0000	100.0000	NaN	NaN	NaN	NaN	NaN	0
33601	59.6867	24.6283	8063	49.0	2	0.0000	100.0000	NaN	NaN	NaN	NaN	NaN	0
33601	59.6867	24.6283	8063	49.0	3	0.0000	100.0000	NaN	NaN	NaN	NaN	NaN	0
33601	59.6867	24.6283	8063	49.0	4	0.0000	100.0000	NaN	NaN	NaN	NaN	NaN	0
33601	59.6867	24.6283	8063	49.0	5	0.0000	100.0000	NaN	NaN	NaN	NaN	NaN	0
33601	59.6867	24.6283	8063	49.0	6	0.0000	100.0000	NaN	NaN	NaN	NaN	NaN	0
33601	59.6867	24.6283	8063	49.0	7	0.0000	100.0000	NaN	NaN	NaN	NaN	NaN	0
33601	59.6867	24.6283	8063	49.0	8	0.0000	100.0000	NaN	NaN	NaN	NaN	NaN	0
33601	59.6867	24.6283	8063	49.0	9	0.0000	100.0000	NaN	NaN	NaN	NaN	NaN	0
33601	59.6867	24.6283	8063	49.0	10	0.0000	100.0000	NaN	NaN	NaN	NaN	NaN	0
33601	59.6867	24.6283	8063	49.0	11	0.0000	100.0000	NaN	NaN	NaN	NaN	NaN	0
33601	59.6867	24.6283	8063	49.0	12	0.0000	100.0000	NaN	NaN	NaN	NaN	NaN	0
33601	59.6867	24.6283	8063	50.0	1	0.0000	100.0000	NaN	NaN	NaN	NaN	NaN	0
33601	59.6867	24.6283	8063	50.0	2	0.0000	100.0000	NaN	NaN	NaN	NaN	NaN	0
33601	59.6867	24.6283	8063	50.0	3	0.0000	100.0000	NaN	NaN	NaN	NaN	NaN	0
33601	59.6867	24.6283	8063	50.0	4	0.0000	100.0000	NaN	NaN	NaN	NaN	NaN	0
33601	59.6867	24.6283	8063	50.0	5	0.0000	100.0000	NaN	NaN	NaN	NaN	NaN	0
33601	59.6867	24.6283	8063	50.0	6	0.0000	100.0000	NaN	NaN	NaN	NaN	NaN	0
33601	59.6867	24.6283	8063	50.0	7	0.0000	100.0000	NaN	NaN	NaN	NaN	NaN	0
33601	59.6867	24.6283	8063	50.0	8	0.0000	100.0000	NaN	NaN	NaN	NaN	NaN	0
33601	59.6867	24.6283	8063	50.0	9	0.0000	100.0000	NaN	NaN	NaN	NaN	NaN	0
33601	59.6867	24.6283	8063	50.0	10	0.0000	100.0000	NaN	NaN	NaN	NaN	NaN	0
33601	59.6867	24.6283	8063	50.0	11	0.0000	100.0000	NaN	NaN	NaN	NaN	NaN	0
33601	59.6867	24.6283	8063	50.0	12	0.0000	100.0000	NaN	NaN	NaN	NaN	NaN	0
