33003	60.9000	18.6167	8048	0.0	1	0.1600	7.9300	1.9840	1.1402	NaN	NaN	NaN	4018
33003	60.9000	18.6167	8048	0.0	2	0.0300	7.4400	1.6302	1.0478	NaN	NaN	NaN	2286
33003	60.9000	18.6167	8048	0.0	3	0.1200	6.5600	1.4862	0.9373	NaN	NaN	NaN	1989
33003	60.9000	18.6167	8048	0.0	4	0.0900	6.3500	1.0349	0.8511	NaN	NaN	NaN	1949
33003	60.9000	18.6167	8048	0.0	5	0.0600	4.9300	0.8894	0.7056	NaN	NaN	NaN	2919
33003	60.9000	18.6167	8048	0.0	6	0.0600	5.3600	0.8368	0.6555	NaN	NaN	NaN	5845
33003	60.9000	18.6167	8048	0.0	7	0.0700	5.2300	1.0469	0.7491	NaN	NaN	NaN	5138
33003	60.9000	18.6167	8048	0.0	8	0.0700	6.9000	1.1317	0.8026	NaN	NaN	NaN	5302
33003	60.9000	18.6167	8048	0.0	9	0.0900	7.4700	1.4026	0.9416	NaN	NaN	NaN	5850
33003	60.9000	18.6167	8048	0.0	10	0.0900	8.6700	1.6240	1.0372	NaN	NaN	NaN	5928
33003	60.9000	18.6167	8048	0.0	11	0.1000	9.5100	1.7093	1.0967	NaN	NaN	NaN	5559
33003	60.9000	18.6167	8048	0.0	12	0.2000	7.5500	1.9137	1.0050	NaN	NaN	NaN	5164
33004	55.9167	18.7833	8048	0.0	1	0.2700	10.9600	2.7708	1.6109	NaN	NaN	NaN	2940
33004	55.9167	18.7833	8048	0.0	2	0.2000	11.6500	2.3897	1.4630	NaN	NaN	NaN	2719
33004	55.9167	18.7833	8048	0.0	3	0.1500	9.5301	1.9041	1.1985	NaN	NaN	NaN	3778
33004	55.9167	18.7833	8048	0.0	4	0.1100	6.9500	1.2794	1.0543	NaN	NaN	NaN	3294
33004	55.9167	18.7833	8048	0.0	5	0.1100	5.7600	1.1911	0.8441	NaN	NaN	NaN	3108
33004	55.9167	18.7833	8048	0.0	6	0.0800	8.5300	1.2961	1.0458	NaN	NaN	NaN	3030
33004	55.9167	18.7833	8048	0.0	7	0.1300	6.6300	1.3616	1.0244	NaN	NaN	NaN	2744
33004	55.9167	18.7833	8048	0.0	8	0.1400	5.3400	1.4690	1.0126	NaN	NaN	NaN	1594
33004	55.9167	18.7833	8048	0.0	9	0.3200	9.2700	2.1634	1.3100	NaN	NaN	NaN	1820
33004	55.9167	18.7833	8048	0.0	10	0.2400	9.9300	2.3818	1.3781	NaN	NaN	NaN	3316
33004	55.9167	18.7833	8048	0.0	11	0.2000	9.2900	2.9487	1.5180	NaN	NaN	NaN	3169
33004	55.9167	18.7833	8048	0.0	12	0.2500	8.3200	2.5668	1.5458	NaN	NaN	NaN	2529
33008	57.5167	17.6167	8048	0.0	1	0.2500	7.7500	2.1074	1.0771	NaN	NaN	NaN	2801
33008	57.5167	17.6167	8048	0.0	2	0.1800	6.2900	1.7388	1.0177	NaN	NaN	NaN	2240
33008	57.5167	17.6167	8048	0.0	3	0.1400	6.8700	1.5352	1.0001	NaN	NaN	NaN	1470
33008	57.5167	17.6167	8048	0.0	4	0.1100	4.9000	1.2308	0.7118	NaN	NaN	NaN	974
33008	57.5167	17.6167	8048	0.0	5	0.1100	3.1400	0.9998	0.5194	NaN	NaN	NaN	1629
33008	57.5167	17.6167	8048	0.0	6	0.1500	3.9900	0.9601	0.5763	NaN	NaN	NaN	1440
33008	57.5167	17.6167	8048	0.0	7	0.1900	4.6600	1.1994	0.7405	NaN	NaN	NaN	2046
33008	57.5167	17.6167	8048	0.0	8	0.1000	3.4800	1.0158	0.5858	NaN	NaN	NaN	2261
33008	57.5167	17.6167	8048	0.0	9	0.1600	5.7500	1.5774	0.9027	NaN	NaN	NaN	2209
33008	57.5167	17.6167	8048	0.0	10	0.1600	8.4000	1.5775	0.9621	NaN	NaN	NaN	2275
33008	57.5167	17.6167	8048	0.0	11	0.2300	7.4100	1.9664	1.0109	NaN	NaN	NaN	2252
33008	57.5167	17.6167	8048	0.0	12	0.3200	7.9300	2.2841	1.1924	NaN	NaN	NaN	2493
33011	57.2167	11.5667	8048	0.0	1	0.2500	5.9900	1.7668	1.1289	NaN	NaN	NaN	395
33011	57.2167	11.5667	8048	0.0	2	0.2000	5.0700	1.2165	0.8299	NaN	NaN	NaN	576
33011	57.2167	11.5667	8048	0.0	3	0.2000	3.4900	1.1130	0.5781	NaN	NaN	NaN	742
33011	57.2167	11.5667	8048	0.0	4	0.1200	2.5800	1.0666	0.5571	NaN	NaN	NaN	580
33011	57.2167	11.5667	8048	0.0	5	0.0000	15.0000	NaN	NaN	NaN	NaN	NaN	0
33011	57.2167	11.5667	8048	0.0	6	0.0000	15.0000	NaN	NaN	NaN	NaN	NaN	0
33011	57.2167	11.5667	8048	0.0	7	0.0000	15.0000	NaN	NaN	NaN	NaN	NaN	0
33011	57.2167	11.5667	8048	0.0	8	0.0000	15.0000	NaN	NaN	NaN	NaN	NaN	0
33011	57.2167	11.5667	8048	0.0	9	0.0000	15.0000	NaN	NaN	NaN	NaN	NaN	0
33011	57.2167	11.5667	8048	0.0	10	0.0000	15.0000	NaN	NaN	NaN	NaN	NaN	0
33011	57.2167	11.5667	8048	0.0	11	0.0000	15.0000	NaN	NaN	NaN	NaN	NaN	0
33011	57.2167	11.5667	8048	0.0	12	0.0000	15.0000	NaN	NaN	NaN	NaN	NaN	0
33012	58.9333	19.1667	8048	0.0	1	0.0000	15.0000	NaN	NaN	NaN	NaN	NaN	0
33012	58.9333	19.1667	8048	0.0	2	0.4800	6.7500	2.2594	1.2034	NaN	NaN	NaN	451
33012	58.9333	19.1667	8048	0.0	3	0.1100	6.5900	1.4390	1.0760	NaN	NaN	NaN	749
33012	58.9333	19.1667	8048	0.0	4	0.1800	3.9600	1.5057	0.7913	NaN	NaN	NaN	271
33012	58.9333	19.1667	8048	0.0	5	0.0000	15.0000	NaN	NaN	NaN	NaN	NaN	0
33012	58.9333	19.1667	8048	0.0	6	0.0000	15.0000	NaN	NaN	NaN	NaN	NaN	0
33012	58.9333	19.1667	8048	0.0	7	0.0000	15.0000	NaN	NaN	NaN	NaN	NaN	0
33012	58.9333	19.1667	8048	0.0	8	0.0000	15.0000	NaN	NaN	NaN	NaN	NaN	0
33012	58.9333	19.1667	8048	0.0	9	0.2800	5.5500	2.2959	1.0871	NaN	NaN	NaN	402
33012	58.9333	19.1667	8048	0.0	10	0.3100	6.0600	1.6642	1.1123	NaN	NaN	NaN	752
33012	58.9333	19.1667	8048	0.0	11	0.3000	7.3300	2.2063	1.2411	NaN	NaN	NaN	728
33012	58.9333	19.1667	8048	0.0	12	0.5500	6.9100	2.8432	1.4121	NaN	NaN	NaN	446
33015	58.4833	10.9333	8048	0.0	1	0.0700	12.7200	2.3121	1.8161	NaN	NaN	NaN	6447
33015	58.4833	10.9333	8048	0.0	2	0.1500	10.1401	2.0645	1.5061	NaN	NaN	NaN	4172
33015	58.4833	10.9333	8048	0.0	3	0.1100	9.9099	1.6271	1.3040	NaN	NaN	NaN	4476
33015	58.4833	10.9333	8048	0.0	4	0.1300	6.1900	1.3638	1.0504	NaN	NaN	NaN	6246
33015	58.4833	10.9333	8048	0.0	5	0.1000	11.3800	1.4670	1.1231	NaN	NaN	NaN	8353
33015	58.4833	10.9333	8048	0.0	6	0.1100	7.8700	1.4237	1.0567	NaN	NaN	NaN	7627
33015	58.4833	10.9333	8048	0.0	7	0.1300	9.8800	1.4994	1.1351	NaN	NaN	NaN	7164
33015	58.4833	10.9333	8048	0.0	8	0.1500	8.8000	1.5744	1.1906	NaN	NaN	NaN	6691
33015	58.4833	10.9333	8048	0.0	9	0.1600	10.6700	1.8501	1.3541	NaN	NaN	NaN	7137
33015	58.4833	10.9333	8048	0.0	10	0.1500	8.4100	1.9453	1.3440	NaN	NaN	NaN	6747
33015	58.4833	10.9333	8048	0.0	11	0.1700	12.2400	2.4358	1.4974	NaN	NaN	NaN	6960
33015	58.4833	10.9333	8048	0.0	12	0.0600	11.9399	2.6269	1.9354	NaN	NaN	NaN	7437
33030	58.1835	11.0153	8048	0.0	1	0.6400	12.6100	3.6489	1.7943	NaN	NaN	NaN	398
33030	58.1835	11.0153	8048	0.0	2	0.2100	9.9200	3.0492	1.8119	NaN	NaN	NaN	685
33030	58.1835	11.0153	8048	0.0	3	0.3800	6.9500	2.2082	1.2789	NaN	NaN	NaN	708
33030	58.1835	11.0153	8048	0.0	4	0.3600	3.4000	1.1618	0.6197	NaN	NaN	NaN	394
33030	58.1835	11.0153	8048	0.0	5	0.0000	15.0000	NaN	NaN	NaN	NaN	NaN	0
33030	58.1835	11.0153	8048	0.0	6	0.0000	15.0000	NaN	NaN	NaN	NaN	NaN	0
33030	58.1835	11.0153	8048	0.0	7	0.0000	15.0000	NaN	NaN	NaN	NaN	NaN	0
33030	58.1835	11.0153	8048	0.0	8	0.0000	15.0000	NaN	NaN	NaN	NaN	NaN	0
33030	58.1835	11.0153	8048	0.0	9	0.0000	15.0000	NaN	NaN	NaN	NaN	NaN	0
33030	58.1835	11.0153	8048	0.0	10	0.0000	15.0000	NaN	NaN	NaN	NaN	NaN	0
33030	58.1835	11.0153	8048	0.0	11	0.0000	15.0000	NaN	NaN	NaN	NaN	NaN	0
33030	58.1835	11.0153	8048	0.0	12	0.0000	15.0000	NaN	NaN	NaN	NaN	NaN	0
33031	59.0363	18.1205	8048	0.0	1	0.0000	15.0000	NaN	NaN	NaN	NaN	NaN	0
33031	59.0363	18.1205	8048	0.0	2	0.0000	15.0000	NaN	NaN	NaN	NaN	NaN	0
33031	59.0363	18.1205	8048	0.0	3	0.0000	15.0000	NaN	NaN	NaN	NaN	NaN	0
33031	59.0363	18.1205	8048	0.0	4	0.0200	0.7700	0.1898	0.1410	NaN	NaN	NaN	326
33031	59.0363	18.1205	8048	0.0	5	0.0200	0.5900	0.1694	0.1322	NaN	NaN	NaN	249
33031	59.0363	18.1205	8048	0.0	6	0.0000	15.0000	NaN	NaN	NaN	NaN	NaN	0
33031	59.0363	18.1205	8048	0.0	7	0.0000	15.0000	NaN	NaN	NaN	NaN	NaN	0
33031	59.0363	18.1205	8048	0.0	8	0.0000	15.0000	NaN	NaN	NaN	NaN	NaN	0
33031	59.0363	18.1205	8048	0.0	9	0.0000	15.0000	NaN	NaN	NaN	NaN	NaN	0
33031	59.0363	18.1205	8048	0.0	10	0.0000	15.0000	NaN	NaN	NaN	NaN	NaN	0
33031	59.0363	18.1205	8048	0.0	11	0.0000	15.0000	NaN	NaN	NaN	NaN	NaN	0
33031	59.0363	18.1205	8048	0.0	12	0.0000	15.0000	NaN	NaN	NaN	NaN	NaN	0
33032	59.0144	18.2253	8048	0.0	1	0.0300	1.8300	0.5091	0.2693	NaN	NaN	NaN	744
33032	59.0144	18.2253	8048	0.0	2	0.2100	0.4900	0.3460	0.0866	NaN	NaN	NaN	10
33032	59.0144	18.2253	8048	0.0	3	0.0000	15.0000	NaN	NaN	NaN	NaN	NaN	0
33032	59.0144	18.2253	8048	0.0	4	0.0000	15.0000	NaN	NaN	NaN	NaN	NaN	0
33032	59.0144	18.2253	8048	0.0	5	0.0000	15.0000	NaN	NaN	NaN	NaN	NaN	0
33032	59.0144	18.2253	8048	0.0	6	0.0000	15.0000	NaN	NaN	NaN	NaN	NaN	0
33032	59.0144	18.2253	8048	0.0	7	0.0000	15.0000	NaN	NaN	NaN	NaN	NaN	0
33032	59.0144	18.2253	8048	0.0	8	0.0000	15.0000	NaN	NaN	NaN	NaN	NaN	0
33032	59.0144	18.2253	8048	0.0	9	0.0000	15.0000	NaN	NaN	NaN	NaN	NaN	0
33032	59.0144	18.2253	8048	0.0	10	0.0300	1.3800	0.3975	0.3024	NaN	NaN	NaN	354
33032	59.0144	18.2253	8048	0.0	11	0.0200	1.6900	0.5275	0.3245	NaN	NaN	NaN	715
33032	59.0144	18.2253	8048	0.0	12	0.0200	1.9000	0.6386	0.3634	NaN	NaN	NaN	744
33033	58.2500	11.2167	8048	0.0	1	0.0700	12.7200	2.3121	1.8161	NaN	NaN	NaN	6447
33033	58.2500	11.2167	8048	0.0	2	0.1500	10.1401	2.0645	1.5061	NaN	NaN	NaN	4172
33033	58.2500	11.2167	8048	0.0	3	0.1100	9.9099	1.6271	1.3040	NaN	NaN	NaN	4476
33033	58.2500	11.2167	8048	0.0	4	0.1300	6.1900	1.3638	1.0504	NaN	NaN	NaN	6246
33033	58.2500	11.2167	8048	0.0	5	0.1000	11.3800	1.4670	1.1231	NaN	NaN	NaN	8353
33033	58.2500	11.2167	8048	0.0	6	0.1100	7.8700	1.4237	1.0567	NaN	NaN	NaN	7627
33033	58.2500	11.2167	8048	0.0	7	0.1300	9.8800	1.4994	1.1351	NaN	NaN	NaN	7164
33033	58.2500	11.2167	8048	0.0	8	0.1500	8.8000	1.5744	1.1906	NaN	NaN	NaN	6691
33033	58.2500	11.2167	8048	0.0	9	0.1600	10.6700	1.8501	1.3541	NaN	NaN	NaN	7137
33033	58.2500	11.2167	8048	0.0	10	0.1500	8.4100	1.9453	1.3440	NaN	NaN	NaN	6747
33033	58.2500	11.2167	8048	0.0	11	0.1700	12.2400	2.4358	1.4974	NaN	NaN	NaN	6960
33033	58.2500	11.2167	8048	0.0	12	0.0600	11.9399	2.6526	1.9313	NaN	NaN	NaN	8047
