# cfg_limits_basins (1,Min Lat, Max Lat, Min Lon, Max Lon, Region number)
1, 63.5, 66.0, 16, 26,  1
1, 59.8, 63.5, 16, 40,  2
1, 51.0, 59.8, 13, 40,  3
1, 51.0, 56.0,  9, 13,  4
1, 56.0, 59.8,  9, 13,  5
1, 48.0, 63.0, -8,  9,  6
1,-90.0, 90.0,-180,180, 7

# cfg_square. TransPaper Baltic Harbour-areas etc. (2,Min Lat, Max Lat, Min Lon, Max Lon)
2, 64.90, 65.10, 25.00, 25.60
2, 65.60, 65.75, 24.30, 24.65
2, 53.85, 54.06, 10.60, 11.10
2, 57.64, 57.72, 11.68, 11.90
2, 63.308,63.326,19.135,19.166

# cfg_square. Stena Routes Harbour-areas etc. (2,Min Lat, Max Lat, Min Lon, Max Lon)
2, 60.08,  60.09,  19.92, 19.93
2, 60.14,  60.17,  24.89, 24.98
2, 53.93,  53.96,  10.85, 10.89
2, 60.08,  60.09,  19.92, 19.93
2, 59.31,  59.32,  18.09, 18.11
2, 59.34,  59.35,  18.10, 18.13
2, 60.41,  60.46,  22.02, 22.25
2, 56.16,  56.17,  15.59, 15.64
2, 53.30,  53.31,  -4.63, -4.62
2, 53.32,  53.37,  -6.23, -6.15
2, 59.44,  59.46,  24.75, 24.79
2, 56.94,  57.06,  24.02, 24.14
2, 54.13,  54.18,  12.07, 12.15
2, 53.541, 53.545,  8.56,  8.57
2, 54.51,  54.56,  18.49, 18.56
2, 57.64,  57.72,  11.68, 11.90
2, 51.94,  51.95,   1.25,  1.26
2, 51.93,  51.99,   4.07,  4.15
2, 57.43,  57.44,  10.53, 10.55
2, 52.24,  52.26,  -6.34, -6.32
2, 51.99,  52.02,  -4.99, -4.97
2, 58.90,  58.91,  17.95, 17.96
2, 57.39,  57.41,  21.52, 21.58
2, 54.58,  54.69,  -5.94, -5.78
2, 54.03,  54.04,  -2.93, -2.91
2, 53.39,  53.44,  -3.04, -2.99
2, 56.40,  56.41,  10.92, 10.93
2, 57.10,  57.12,  12.22, 12.25
2, 59.90,  59.92,  10.68, 10.77
2, 54.30,  54.40,  10.12, 10.23
2, 53.71,  53.75,  -0.29, -0.23
2, 51.93,  51.99,   4.07,  4.15
2, 54.95,  54.98,  -5.05, -5.00

# cfg_flowMin (3,Value)
3,1.0

# cfg_speedMin (4,Value)
4,2.0

# cfg_tempDiffMax (5,Value)
5,1.0

# cfg_tempDiffMaxCO2 (6,Value) 
6,2.5

# SST_number
7,[8160 8179 8180]

# PSAL_number
8,[8181	8700]

# COX_number
9,[8177]

# Box9_number
10,[8029 8030 8031 8032 8033 8034]