33001	57.2167	11.5667	8515	0.0	1	0.0000	40.0000	NaN	NaN	NaN	NaN	NaN	0
33001	57.2167	11.5667	8515	0.0	2	0.0000	4.7266	4.7266	NaN	NaN	NaN	NaN	1
33001	57.2167	11.5667	8515	0.0	3	0.0000	40.0000	NaN	NaN	NaN	NaN	NaN	0
33001	57.2167	11.5667	8515	0.0	4	0.0000	40.0000	NaN	NaN	NaN	NaN	NaN	0
33001	57.2167	11.5667	8515	0.0	5	0.0000	40.0000	NaN	NaN	NaN	NaN	NaN	0
33001	57.2167	11.5667	8515	0.0	6	0.0000	40.0000	NaN	NaN	NaN	NaN	NaN	0
33001	57.2167	11.5667	8515	0.0	7	0.0000	40.0000	NaN	NaN	NaN	NaN	NaN	0
33001	57.2167	11.5667	8515	0.0	8	0.0000	5.1758	4.7201	0.3228	NaN	NaN	NaN	6
33001	57.2167	11.5667	8515	0.0	9	0.0000	40.0000	NaN	NaN	NaN	NaN	NaN	0
33001	57.2167	11.5667	8515	0.0	10	0.0000	40.0000	NaN	NaN	NaN	NaN	NaN	0
33001	57.2167	11.5667	8515	0.0	11	0.0000	40.0000	NaN	NaN	NaN	NaN	NaN	0
33001	57.2167	11.5667	8515	0.0	12	0.0000	40.0000	NaN	NaN	NaN	NaN	NaN	0
33002	58.9333	19.1667	8515	0.0	1	0.0000	40.0000	NaN	NaN	NaN	NaN	NaN	0
33002	58.9333	19.1667	8515	0.0	2	0.0000	40.0000	NaN	NaN	NaN	NaN	NaN	0
33002	58.9333	19.1667	8515	0.0	3	0.0000	7.8769	6.2281	1.4279	NaN	NaN	NaN	3
33002	58.9333	19.1667	8515	0.0	4	0.0000	8.7000	4.5584	1.1508	NaN	NaN	NaN	657
33002	58.9333	19.1667	8515	0.0	5	0.0000	8.3000	4.3394	1.0999	NaN	NaN	NaN	2038
33002	58.9333	19.1667	8515	0.0	6	0.0000	9.5000	4.5018	1.1106	NaN	NaN	NaN	2415
33002	58.9333	19.1667	8515	0.0	7	0.0000	9.6603	4.4719	1.1171	NaN	NaN	NaN	3401
33002	58.9333	19.1667	8515	0.0	8	0.0000	9.4815	4.7694	1.2634	NaN	NaN	NaN	3603
33002	58.9333	19.1667	8515	0.0	9	0.0000	10.8936	4.9713	1.3164	NaN	NaN	NaN	2927
33002	58.9333	19.1667	8515	0.0	10	0.0000	10.0000	5.2334	1.4150	NaN	NaN	NaN	2149
33002	58.9333	19.1667	8515	0.0	11	0.0000	11.1000	5.5511	1.5847	NaN	NaN	NaN	991
33002	58.9333	19.1667	8515	0.0	12	0.0000	40.0000	NaN	NaN	NaN	NaN	NaN	0
33003	60.9000	18.6167	8515	0.0	1	0.0000	10.5665	4.9989	1.4256	NaN	NaN	NaN	4145
33003	60.9000	18.6167	8515	0.0	2	0.0000	10.5263	4.6649	1.3768	NaN	NaN	NaN	2778
33003	60.9000	18.6167	8515	0.0	3	0.0000	9.6359	4.4143	1.2911	NaN	NaN	NaN	2869
33003	60.9000	18.6167	8515	0.0	4	0.0000	10.1853	4.1546	1.4054	NaN	NaN	NaN	2839
33003	60.9000	18.6167	8515	0.0	5	0.0000	8.6788	3.9552	1.2455	NaN	NaN	NaN	4353
33003	60.9000	18.6167	8515	0.0	6	0.0000	9.9163	3.9944	1.2344	NaN	NaN	NaN	7079
33003	60.9000	18.6167	8515	0.0	7	0.0000	9.5344	4.1072	1.2498	NaN	NaN	NaN	6705
33003	60.9000	18.6167	8515	0.0	8	0.0000	9.0697	4.1288	1.2062	NaN	NaN	NaN	8074
33003	60.9000	18.6167	8515	0.0	9	0.0000	9.8502	4.2724	1.2921	NaN	NaN	NaN	7325
33003	60.9000	18.6167	8515	0.0	10	0.0000	11.2423	4.6868	1.3437	NaN	NaN	NaN	6795
33003	60.9000	18.6167	8515	0.0	11	0.0000	11.7785	4.8219	1.4869	NaN	NaN	NaN	5892
33003	60.9000	18.6167	8515	0.0	12	0.0000	10.0126	4.9042	1.1568	NaN	NaN	NaN	5981
33004	55.9167	18.7833	8515	0.0	1	0.0000	31.2661	6.1865	1.6712	NaN	NaN	NaN	2885
33004	55.9167	18.7833	8515	0.0	2	0.0000	25.4905	5.8766	1.6014	NaN	NaN	NaN	2525
33004	55.9167	18.7833	8515	0.0	3	0.0000	11.2531	5.4487	1.4246	NaN	NaN	NaN	3586
33004	55.9167	18.7833	8515	0.0	4	0.0000	28.8813	4.7853	1.5677	NaN	NaN	NaN	3206
33004	55.9167	18.7833	8515	0.0	5	0.0000	9.8239	4.6992	1.3556	NaN	NaN	NaN	3053
33004	55.9167	18.7833	8515	0.0	6	0.0000	10.9477	4.8225	1.4638	NaN	NaN	NaN	2868
33004	55.9167	18.7833	8515	0.0	7	0.0000	10.1981	4.8283	1.4977	NaN	NaN	NaN	2703
33004	55.9167	18.7833	8515	0.0	8	0.0000	8.6599	4.8738	1.3412	NaN	NaN	NaN	1895
33004	55.9167	18.7833	8515	0.0	9	0.0000	10.8578	5.7702	1.5173	NaN	NaN	NaN	2203
33004	55.9167	18.7833	8515	0.0	10	0.0000	22.7010	6.2628	1.6490	NaN	NaN	NaN	1987
33004	55.9167	18.7833	8515	0.0	11	0.0000	10.1040	6.4447	1.5121	NaN	NaN	NaN	2124
33004	55.9167	18.7833	8515	0.0	12	0.0000	10.7050	5.9882	1.6340	NaN	NaN	NaN	2499
33005	58.4833	10.9333	8515	0.0	1	0.0000	40.0000	NaN	NaN	NaN	NaN	NaN	0
33005	58.4833	10.9333	8515	0.0	2	0.0000	8.3000	7.1625	0.6070	NaN	NaN	NaN	8
33005	58.4833	10.9333	8515	0.0	3	0.0000	28.6000	6.5873	2.8478	NaN	NaN	NaN	742
33005	58.4833	10.9333	8515	0.0	4	0.0000	20.0000	5.3955	2.2026	NaN	NaN	NaN	419
33005	58.4833	10.9333	8515	0.0	5	0.0000	40.0000	NaN	NaN	NaN	NaN	NaN	0
33005	58.4833	10.9333	8515	0.0	6	0.0000	9.1000	5.7736	1.3737	NaN	NaN	NaN	303
33005	58.4833	10.9333	8515	0.0	7	0.0000	20.0000	5.0933	2.6162	NaN	NaN	NaN	719
33005	58.4833	10.9333	8515	0.0	8	0.0000	13.3000	6.1556	2.0416	NaN	NaN	NaN	741
33005	58.4833	10.9333	8515	0.0	9	0.0000	12.5000	4.6114	2.0140	NaN	NaN	NaN	720
33005	58.4833	10.9333	8515	0.0	10	0.0000	13.3000	5.8185	2.0433	NaN	NaN	NaN	1193
33005	58.4833	10.9333	8515	0.0	11	0.0000	11.8000	5.0067	1.8791	NaN	NaN	NaN	772
33005	58.4833	10.9333	8515	0.0	12	0.0000	12.5000	6.5000	2.5846	NaN	NaN	NaN	74
33008	57.5167	17.6167	8515	0.0	1	0.0000	28.5714	5.6843	1.5148	NaN	NaN	NaN	3833
33008	57.5167	17.6167	8515	0.0	2	0.0000	25.0000	5.3847	1.6269	NaN	NaN	NaN	3510
33008	57.5167	17.6167	8515	0.0	3	0.0000	27.5583	5.3321	2.2822	NaN	NaN	NaN	3459
33008	57.5167	17.6167	8515	0.0	4	0.0000	26.4442	5.1995	2.1111	NaN	NaN	NaN	3402
33008	57.5167	17.6167	8515	0.0	5	0.0000	9.5238	4.6342	1.4567	NaN	NaN	NaN	4059
33008	57.5167	17.6167	8515	0.0	6	0.0000	10.0000	4.7428	1.5551	NaN	NaN	NaN	3894
33008	57.5167	17.6167	8515	0.0	7	0.0000	10.0000	4.8191	1.5675	NaN	NaN	NaN	3707
33008	57.5167	17.6167	8515	0.0	8	0.0000	12.2955	4.6680	1.6084	NaN	NaN	NaN	3569
33008	57.5167	17.6167	8515	0.0	9	0.0000	12.6958	5.0847	1.7672	NaN	NaN	NaN	3480
33008	57.5167	17.6167	8515	0.0	10	0.0000	13.3050	5.4728	1.8926	NaN	NaN	NaN	3532
33008	57.5167	17.6167	8515	0.0	11	0.0000	28.5714	5.9143	2.2514	NaN	NaN	NaN	3970
33008	57.5167	17.6167	8515	0.0	12	0.0000	13.3319	5.8552	1.5586	NaN	NaN	NaN	4815
33011	57.2167	11.5667	8515	0.0	1	0.0000	8.3858	4.8921	1.2752	NaN	NaN	NaN	442
33011	57.2167	11.5667	8515	0.0	2	0.0000	9.1514	4.7750	1.2885	NaN	NaN	NaN	672
33011	57.2167	11.5667	8515	0.0	3	0.0000	7.4872	4.3731	1.0931	NaN	NaN	NaN	741
33011	57.2167	11.5667	8515	0.0	4	0.0000	8.7308	4.2532	1.0675	NaN	NaN	NaN	577
33011	57.2167	11.5667	8515	0.0	5	0.0000	40.0000	NaN	NaN	NaN	NaN	NaN	0
33011	57.2167	11.5667	8515	0.0	6	0.0000	40.0000	NaN	NaN	NaN	NaN	NaN	0
33011	57.2167	11.5667	8515	0.0	7	0.0000	40.0000	NaN	NaN	NaN	NaN	NaN	0
33011	57.2167	11.5667	8515	0.0	8	0.0000	40.0000	NaN	NaN	NaN	NaN	NaN	0
33011	57.2167	11.5667	8515	0.0	9	0.0000	40.0000	NaN	NaN	NaN	NaN	NaN	0
33011	57.2167	11.5667	8515	0.0	10	0.0000	40.0000	NaN	NaN	NaN	NaN	NaN	0
33011	57.2167	11.5667	8515	0.0	11	0.0000	40.0000	NaN	NaN	NaN	NaN	NaN	0
33011	57.2167	11.5667	8515	0.0	12	0.0000	40.0000	NaN	NaN	NaN	NaN	NaN	0
33012	58.9333	19.1667	8515	0.0	1	0.0000	40.0000	NaN	NaN	NaN	NaN	NaN	0
33012	58.9333	19.1667	8515	0.0	2	0.0000	8.9369	5.4863	1.2375	NaN	NaN	NaN	456
33012	58.9333	19.1667	8515	0.0	3	0.0000	9.7157	5.1136	1.4104	NaN	NaN	NaN	738
33012	58.9333	19.1667	8515	0.0	4	0.0000	8.3262	4.7029	1.2905	NaN	NaN	NaN	272
33012	58.9333	19.1667	8515	0.0	5	0.0000	40.0000	NaN	NaN	NaN	NaN	NaN	0
33012	58.9333	19.1667	8515	0.0	6	0.0000	40.0000	NaN	NaN	NaN	NaN	NaN	0
33012	58.9333	19.1667	8515	0.0	7	0.0000	40.0000	NaN	NaN	NaN	NaN	NaN	0
33012	58.9333	19.1667	8515	0.0	8	0.0000	40.0000	NaN	NaN	NaN	NaN	NaN	0
33012	58.9333	19.1667	8515	0.0	9	0.0000	8.3934	5.7937	1.2776	NaN	NaN	NaN	398
33012	58.9333	19.1667	8515	0.0	10	0.0000	22.9631	4.8794	1.5354	NaN	NaN	NaN	736
33012	58.9333	19.1667	8515	0.0	11	0.0000	28.8813	5.7077	1.7629	NaN	NaN	NaN	711
33012	58.9333	19.1667	8515	0.0	12	0.0000	9.6442	6.9002	1.4262	NaN	NaN	NaN	157
33015	58.4833	10.9333	8515	0.0	1	0.0000	40.0000	7.2378	4.0166	NaN	NaN	NaN	6777
33015	58.4833	10.9333	8515	0.0	2	0.0000	40.0000	6.7718	3.5282	NaN	NaN	NaN	4266
33015	58.4833	10.9333	8515	0.0	3	0.0000	30.0358	7.9351	5.9795	NaN	NaN	NaN	4823
33015	58.4833	10.9333	8515	0.0	4	0.0000	32.5586	7.0235	5.7460	NaN	NaN	NaN	6242
33015	58.4833	10.9333	8515	0.0	5	0.0000	31.1875	6.0645	3.6501	NaN	NaN	NaN	7119
33015	58.4833	10.9333	8515	0.0	6	0.0000	22.7031	5.6601	2.0741	NaN	NaN	NaN	7326
33015	58.4833	10.9333	8515	0.0	7	0.0000	19.5624	5.8843	2.0537	NaN	NaN	NaN	7787
33015	58.4833	10.9333	8515	0.0	8	0.0000	19.6307	5.7117	2.1010	NaN	NaN	NaN	6947
33015	58.4833	10.9333	8515	0.0	9	0.0000	16.6546	5.9558	2.3252	NaN	NaN	NaN	6992
33015	58.4833	10.9333	8515	0.0	10	0.0000	29.8146	5.8131	2.2367	NaN	NaN	NaN	7462
33015	58.4833	10.9333	8515	0.0	11	0.0000	40.0000	6.4962	2.8067	NaN	NaN	NaN	7402
33015	58.4833	10.9333	8515	0.0	12	0.0000	40.0000	7.1152	4.2245	NaN	NaN	NaN	7247
33030	58.1835	11.0153	8515	0.0	1	0.0000	26.3711	7.5816	2.2916	NaN	NaN	NaN	445
33030	58.1835	11.0153	8515	0.0	2	0.0000	16.8160	7.1607	2.3226	NaN	NaN	NaN	680
33030	58.1835	11.0153	8515	0.0	3	0.0000	13.6429	6.4666	2.0324	NaN	NaN	NaN	730
33030	58.1835	11.0153	8515	0.0	4	0.0000	10.0286	5.8124	1.6971	NaN	NaN	NaN	410
33030	58.1835	11.0153	8515	0.0	5	0.0000	40.0000	NaN	NaN	NaN	NaN	NaN	0
33030	58.1835	11.0153	8515	0.0	6	0.0000	40.0000	NaN	NaN	NaN	NaN	NaN	0
33030	58.1835	11.0153	8515	0.0	7	0.0000	40.0000	NaN	NaN	NaN	NaN	NaN	0
33030	58.1835	11.0153	8515	0.0	8	0.0000	40.0000	NaN	NaN	NaN	NaN	NaN	0
33030	58.1835	11.0153	8515	0.0	9	0.0000	40.0000	NaN	NaN	NaN	NaN	NaN	0
33030	58.1835	11.0153	8515	0.0	10	0.0000	40.0000	NaN	NaN	NaN	NaN	NaN	0
33030	58.1835	11.0153	8515	0.0	11	0.0000	40.0000	NaN	NaN	NaN	NaN	NaN	0
33030	58.1835	11.0153	8515	0.0	12	0.0000	40.0000	NaN	NaN	NaN	NaN	NaN	0
33031	59.0363	18.1205	8515	0.0	1	0.0000	40.0000	NaN	NaN	NaN	NaN	NaN	0
33031	59.0363	18.1205	8515	0.0	2	0.0000	40.0000	NaN	NaN	NaN	NaN	NaN	0
33031	59.0363	18.1205	8515	0.0	3	0.0000	40.0000	NaN	NaN	NaN	NaN	NaN	0
33031	59.0363	18.1205	8515	0.0	4	0.0000	39.0094	10.8349	14.7084	NaN	NaN	NaN	422
33031	59.0363	18.1205	8515	0.0	5	0.0000	39.0094	9.9824	13.6520	NaN	NaN	NaN	313
33031	59.0363	18.1205	8515	0.0	6	0.0000	40.0000	NaN	NaN	NaN	NaN	NaN	0
33031	59.0363	18.1205	8515	0.0	7	0.0000	40.0000	NaN	NaN	NaN	NaN	NaN	0
33031	59.0363	18.1205	8515	0.0	8	0.0000	40.0000	NaN	NaN	NaN	NaN	NaN	0
33031	59.0363	18.1205	8515	0.0	9	0.0000	40.0000	NaN	NaN	NaN	NaN	NaN	0
33031	59.0363	18.1205	8515	0.0	10	0.0000	40.0000	NaN	NaN	NaN	NaN	NaN	0
33031	59.0363	18.1205	8515	0.0	11	0.0000	40.0000	NaN	NaN	NaN	NaN	NaN	0
33031	59.0363	18.1205	8515	0.0	12	0.0000	40.0000	NaN	NaN	NaN	NaN	NaN	0
33032	59.0144	18.2253	8515	0.0	1	0.0000	40.0000	3.5536	6.0038	NaN	NaN	NaN	717
33032	59.0144	18.2253	8515	0.0	2	0.0000	2.9112	2.2097	0.4723	NaN	NaN	NaN	6
33032	59.0144	18.2253	8515	0.0	3	0.0000	40.0000	NaN	NaN	NaN	NaN	NaN	0
33032	59.0144	18.2253	8515	0.0	4	0.0000	40.0000	NaN	NaN	NaN	NaN	NaN	0
33032	59.0144	18.2253	8515	0.0	5	0.0000	40.0000	NaN	NaN	NaN	NaN	NaN	0
33032	59.0144	18.2253	8515	0.0	6	0.0000	40.0000	NaN	NaN	NaN	NaN	NaN	0
33032	59.0144	18.2253	8515	0.0	7	0.0000	40.0000	NaN	NaN	NaN	NaN	NaN	0
33032	59.0144	18.2253	8515	0.0	8	0.0000	40.0000	NaN	NaN	NaN	NaN	NaN	0
33032	59.0144	18.2253	8515	0.0	9	0.0000	40.0000	NaN	NaN	NaN	NaN	NaN	0
33032	59.0144	18.2253	8515	0.0	10	0.0000	40.0000	3.1352	4.1707	NaN	NaN	NaN	349
33032	59.0144	18.2253	8515	0.0	11	0.0000	40.0000	4.7521	7.8319	NaN	NaN	NaN	717
33032	59.0144	18.2253	8515	0.0	12	0.0000	40.0000	4.6889	7.8066	NaN	NaN	NaN	735
33033	58.2500	11.2167	8515	0.0	1	0.0000	40.0000	7.2378	4.0166	NaN	NaN	NaN	6777
33033	58.2500	11.2167	8515	0.0	2	0.0000	40.0000	6.7718	3.5282	NaN	NaN	NaN	4266
33033	58.2500	11.2167	8515	0.0	3	0.0000	30.0358	7.9351	5.9795	NaN	NaN	NaN	4823
33033	58.2500	11.2167	8515	0.0	4	0.0000	32.5586	7.0235	5.7460	NaN	NaN	NaN	6242
33033	58.2500	11.2167	8515	0.0	5	0.0000	31.1875	6.0645	3.6501	NaN	NaN	NaN	7119
33033	58.2500	11.2167	8515	0.0	6	0.0000	22.7031	5.6601	2.0741	NaN	NaN	NaN	7326
33033	58.2500	11.2167	8515	0.0	7	0.0000	19.5624	5.8843	2.0537	NaN	NaN	NaN	7787
33033	58.2500	11.2167	8515	0.0	8	0.0000	19.6307	5.7117	2.1010	NaN	NaN	NaN	6947
33033	58.2500	11.2167	8515	0.0	9	0.0000	16.6546	5.9558	2.3252	NaN	NaN	NaN	6992
33033	58.2500	11.2167	8515	0.0	10	0.0000	29.8146	5.8131	2.2367	NaN	NaN	NaN	7462
33033	58.2500	11.2167	8515	0.0	11	0.0000	40.0000	6.4962	2.8067	NaN	NaN	NaN	7402
33033	58.2500	11.2167	8515	0.0	12	0.0000	40.0000	7.1152	4.2245	NaN	NaN	NaN	7247
33211	54.5000	10.2667	8515	0.0	1	0.0000	23.0000	3.6231	1.2485	NaN	NaN	NaN	1749
33211	54.5000	10.2667	8515	0.0	2	0.0000	28.1000	3.5265	1.5702	NaN	NaN	NaN	1354
33211	54.5000	10.2667	8515	0.0	3	0.0000	28.1000	3.7368	1.6203	NaN	NaN	NaN	1475
33211	54.5000	10.2667	8515	0.0	4	0.0000	23.0000	3.5497	1.6972	NaN	NaN	NaN	1382
33211	54.5000	10.2667	8515	0.0	5	0.0000	28.1000	3.6550	1.9938	NaN	NaN	NaN	2334
33211	54.5000	10.2667	8515	0.0	6	0.0000	28.1000	3.4602	1.8164	NaN	NaN	NaN	2406
33211	54.5000	10.2667	8515	0.0	7	0.0000	28.1000	3.3039	1.8736	NaN	NaN	NaN	2744
33211	54.5000	10.2667	8515	0.0	8	0.0000	28.1000	3.4142	2.2001	NaN	NaN	NaN	2874
33211	54.5000	10.2667	8515	0.0	9	0.0000	23.0000	3.2854	1.3112	NaN	NaN	NaN	2521
33211	54.5000	10.2667	8515	0.0	10	0.0000	28.1000	3.4699	1.6801	NaN	NaN	NaN	2787
33211	54.5000	10.2667	8515	0.0	11	0.0000	28.1000	3.7565	2.4810	NaN	NaN	NaN	2089
33211	54.5000	10.2667	8515	0.0	12	0.0000	23.0000	3.2047	1.4718	NaN	NaN	NaN	1090
33213	54.7000	12.7000	8515	0.0	1	0.0000	7.1000	4.4510	1.0555	NaN	NaN	NaN	1035
33213	54.7000	12.7000	8515	0.0	2	0.0000	8.3000	4.3366	1.1548	NaN	NaN	NaN	1074
33213	54.7000	12.7000	8515	0.0	3	0.0000	8.3000	4.0779	1.1987	NaN	NaN	NaN	1323
33213	54.7000	12.7000	8515	0.0	4	0.0000	7.7000	3.8970	0.9264	NaN	NaN	NaN	1105
33213	54.7000	12.7000	8515	0.0	5	0.0000	8.3000	3.9661	1.0601	NaN	NaN	NaN	1213
33213	54.7000	12.7000	8515	0.0	6	0.0000	8.3000	3.8805	0.9778	NaN	NaN	NaN	1288
33213	54.7000	12.7000	8515	0.0	7	0.0000	7.7000	3.9810	1.1418	NaN	NaN	NaN	1105
33213	54.7000	12.7000	8515	0.0	8	0.0000	7.7000	4.1540	1.2437	NaN	NaN	NaN	1045
33213	54.7000	12.7000	8515	0.0	9	0.0000	7.1000	3.8976	1.0374	NaN	NaN	NaN	748
33213	54.7000	12.7000	8515	0.0	10	0.0000	8.3000	4.8983	1.4438	NaN	NaN	NaN	1614
33213	54.7000	12.7000	8515	0.0	11	0.0000	7.1000	4.5337	1.2858	NaN	NaN	NaN	655
33213	54.7000	12.7000	8515	0.0	12	0.0000	6.7000	4.3610	0.8907	NaN	NaN	NaN	405
33214	54.8833	13.8617	8515	0.0	1	0.0000	7.7000	5.5169	0.9190	NaN	NaN	NaN	231
33214	54.8833	13.8617	8515	0.0	2	0.0000	5.9000	5.2140	0.3413	NaN	NaN	NaN	43
33214	54.8833	13.8617	8515	0.0	3	0.0000	4.5000	3.3527	0.6023	NaN	NaN	NaN	165
33214	54.8833	13.8617	8515	0.0	4	0.0000	7.1000	4.5249	0.9370	NaN	NaN	NaN	1239
33214	54.8833	13.8617	8515	0.0	5	0.0000	7.1000	3.8939	1.0019	NaN	NaN	NaN	620
33214	54.8833	13.8617	8515	0.0	6	0.0000	7.7000	4.2912	1.0996	NaN	NaN	NaN	1266
33214	54.8833	13.8617	8515	0.0	7	0.0000	7.7000	4.2891	1.0943	NaN	NaN	NaN	1461
33214	54.8833	13.8617	8515	0.0	8	0.0000	8.3000	4.3183	1.0008	NaN	NaN	NaN	1423
33214	54.8833	13.8617	8515	0.0	9	0.0000	7.7000	4.2224	1.1084	NaN	NaN	NaN	1303
33214	54.8833	13.8617	8515	0.0	10	0.0000	9.9000	5.7309	1.4007	NaN	NaN	NaN	1425
33214	54.8833	13.8617	8515	0.0	11	0.0000	40.0000	NaN	NaN	NaN	NaN	NaN	0
33214	54.8833	13.8617	8515	0.0	12	0.0000	40.0000	NaN	NaN	NaN	NaN	NaN	0
33284	55.0083	13.1542	8515	0.0	1	0.0000	40.0000	NaN	NaN	NaN	NaN	NaN	0
33284	55.0083	13.1542	8515	0.0	2	0.0000	40.0000	NaN	NaN	NaN	NaN	NaN	0
33284	55.0083	13.1542	8515	0.0	3	0.0000	40.0000	NaN	NaN	NaN	NaN	NaN	0
33284	55.0083	13.1542	8515	0.0	4	0.0000	40.0000	NaN	NaN	NaN	NaN	NaN	0
33284	55.0083	13.1542	8515	0.0	5	0.0000	40.0000	NaN	NaN	NaN	NaN	NaN	0
33284	55.0083	13.1542	8515	0.0	6	0.0000	7.7000	3.9725	0.7887	NaN	NaN	NaN	1525
33284	55.0083	13.1542	8515	0.0	7	0.0000	9.1000	4.1526	1.2133	NaN	NaN	NaN	892
33284	55.0083	13.1542	8515	0.0	8	0.0000	9.1000	4.4325	1.5087	NaN	NaN	NaN	504
33284	55.0083	13.1542	8515	0.0	9	0.0000	2.8000	2.8000	NaN	NaN	NaN	NaN	1
33284	55.0083	13.1542	8515	0.0	10	0.0000	7.7000	4.8973	1.1212	NaN	NaN	NaN	639
33284	55.0083	13.1542	8515	0.0	11	0.0000	40.0000	NaN	NaN	NaN	NaN	NaN	0
33284	55.0083	13.1542	8515	0.0	12	0.0000	40.0000	NaN	NaN	NaN	NaN	NaN	0
33602	59.7119	24.7314	8515	0.0	1	0.0000	40.0000	NaN	NaN	NaN	NaN	NaN	0
33602	59.7119	24.7314	8515	0.0	2	0.0000	40.0000	NaN	NaN	NaN	NaN	NaN	0
33602	59.7119	24.7314	8515	0.0	3	0.0000	40.0000	NaN	NaN	NaN	NaN	NaN	0
33602	59.7119	24.7314	8515	0.0	4	0.0000	40.0000	NaN	NaN	NaN	NaN	NaN	0
33602	59.7119	24.7314	8515	0.0	5	0.0000	40.0000	NaN	NaN	NaN	NaN	NaN	0
33602	59.7119	24.7314	8515	0.0	6	0.0000	40.0000	NaN	NaN	NaN	NaN	NaN	0
33602	59.7119	24.7314	8515	0.0	7	0.0000	40.0000	NaN	NaN	NaN	NaN	NaN	0
33602	59.7119	24.7314	8515	0.0	8	0.0000	40.0000	NaN	NaN	NaN	NaN	NaN	0
33602	59.7119	24.7314	8515	0.0	9	0.0000	40.0000	NaN	NaN	NaN	NaN	NaN	0
33602	59.7119	24.7314	8515	0.0	10	0.0000	40.0000	NaN	NaN	NaN	NaN	NaN	0
33602	59.7119	24.7314	8515	0.0	11	0.0000	40.0000	NaN	NaN	NaN	NaN	NaN	0
33602	59.7119	24.7314	8515	0.0	12	0.0000	40.0000	NaN	NaN	NaN	NaN	NaN	0
33603	59.5102	24.6662	8515	0.0	1	0.0000	7.2000	4.7998	0.6507	NaN	NaN	NaN	608
33603	59.5102	24.6662	8515	0.0	2	0.0000	7.3000	5.0940	0.6451	NaN	NaN	NaN	812
33603	59.5102	24.6662	8515	0.0	3	0.0000	7.5000	4.8222	0.6737	NaN	NaN	NaN	1447
33603	59.5102	24.6662	8515	0.0	4	0.0000	7.8000	4.6645	0.5479	NaN	NaN	NaN	1429
33603	59.5102	24.6662	8515	0.0	5	0.0000	7.8000	4.7648	0.6769	NaN	NaN	NaN	1444
33603	59.5102	24.6662	8515	0.0	6	0.0000	7.9000	4.6162	0.5900	NaN	NaN	NaN	1417
33603	59.5102	24.6662	8515	0.0	7	0.0000	7.7000	4.6633	0.6175	NaN	NaN	NaN	1454
33603	59.5102	24.6662	8515	0.0	8	0.0000	7.7000	4.8122	0.7159	NaN	NaN	NaN	1486
33603	59.5102	24.6662	8515	0.0	9	0.0000	7.6000	4.7236	0.6931	NaN	NaN	NaN	1434
33603	59.5102	24.6662	8515	0.0	10	0.0000	8.2000	4.7528	0.6879	NaN	NaN	NaN	1488
33603	59.5102	24.6662	8515	0.0	11	0.0000	8.1000	5.0743	0.7928	NaN	NaN	NaN	1358
33603	59.5102	24.6662	8515	0.0	12	0.0000	8.0000	5.2364	0.7634	NaN	NaN	NaN	1485
33623	58.6938	22.5229	8515	0.0	1	0.0000	40.0000	NaN	NaN	NaN	NaN	NaN	0
33623	58.6938	22.5229	8515	0.0	2	0.0000	40.0000	NaN	NaN	NaN	NaN	NaN	0
33623	58.6938	22.5229	8515	0.0	3	0.0000	40.0000	NaN	NaN	NaN	NaN	NaN	0
33623	58.6938	22.5229	8515	0.0	4	0.0000	40.0000	NaN	NaN	NaN	NaN	NaN	0
33623	58.6938	22.5229	8515	0.0	5	0.0000	40.0000	NaN	NaN	NaN	NaN	NaN	0
33623	58.6938	22.5229	8515	0.0	6	0.0000	40.0000	NaN	NaN	NaN	NaN	NaN	0
33623	58.6938	22.5229	8515	0.0	7	0.0000	40.0000	NaN	NaN	NaN	NaN	NaN	0
33623	58.6938	22.5229	8515	0.0	8	0.0000	40.0000	NaN	NaN	NaN	NaN	NaN	0
33623	58.6938	22.5229	8515	0.0	9	0.0000	40.0000	NaN	NaN	NaN	NaN	NaN	0
33623	58.6938	22.5229	8515	0.0	10	0.0000	40.0000	NaN	NaN	NaN	NaN	NaN	0
33623	58.6938	22.5229	8515	0.0	11	0.0000	40.0000	NaN	NaN	NaN	NaN	NaN	0
33623	58.6938	22.5229	8515	0.0	12	0.0000	40.0000	NaN	NaN	NaN	NaN	NaN	0
33631	58.5742	23.3935	8515	0.0	1	0.0000	40.0000	NaN	NaN	NaN	NaN	NaN	0
33631	58.5742	23.3935	8515	0.0	2	0.0000	40.0000	NaN	NaN	NaN	NaN	NaN	0
33631	58.5742	23.3935	8515	0.0	3	0.0000	40.0000	NaN	NaN	NaN	NaN	NaN	0
33631	58.5742	23.3935	8515	0.0	4	0.0000	40.0000	NaN	NaN	NaN	NaN	NaN	0
33631	58.5742	23.3935	8515	0.0	5	0.0000	40.0000	NaN	NaN	NaN	NaN	NaN	0
33631	58.5742	23.3935	8515	0.0	6	0.0000	40.0000	NaN	NaN	NaN	NaN	NaN	0
33631	58.5742	23.3935	8515	0.0	7	0.0000	40.0000	NaN	NaN	NaN	NaN	NaN	0
33631	58.5742	23.3935	8515	0.0	8	0.0000	40.0000	NaN	NaN	NaN	NaN	NaN	0
33631	58.5742	23.3935	8515	0.0	9	0.0000	40.0000	NaN	NaN	NaN	NaN	NaN	0
33631	58.5742	23.3935	8515	0.0	10	0.0000	40.0000	NaN	NaN	NaN	NaN	NaN	0
33631	58.5742	23.3935	8515	0.0	11	0.0000	40.0000	NaN	NaN	NaN	NaN	NaN	0
33631	58.5742	23.3935	8515	0.0	12	0.0000	40.0000	NaN	NaN	NaN	NaN	NaN	0
33801	59.2500	21.0000	8515	0.0	1	0.0000	13.4000	6.2005	1.6793	NaN	NaN	NaN	17011
33801	59.2500	21.0000	8515	0.0	2	0.0000	14.4000	5.9575	1.6850	NaN	NaN	NaN	13227
33801	59.2500	21.0000	8515	0.0	3	0.0000	12.6000	5.2958	1.5069	NaN	NaN	NaN	13047
33801	59.2500	21.0000	8515	0.0	4	0.0000	14.0000	4.8234	1.3661	NaN	NaN	NaN	12492
33801	59.2500	21.0000	8515	0.0	5	0.0000	14.8000	4.6428	1.2833	NaN	NaN	NaN	18066
33801	59.2500	21.0000	8515	0.0	6	0.0000	12.3000	4.8007	1.3048	NaN	NaN	NaN	20460
33801	59.2500	21.0000	8515	0.0	7	0.0000	11.9000	4.7845	1.3566	NaN	NaN	NaN	21005
33801	59.2500	21.0000	8515	0.0	8	0.0000	11.7000	5.0821	1.3639	NaN	NaN	NaN	20489
33801	59.2500	21.0000	8515	0.0	9	0.0000	10.9000	5.3677	1.4495	NaN	NaN	NaN	20635
33801	59.2500	21.0000	8515	0.0	10	0.0000	13.7000	5.8928	1.5906	NaN	NaN	NaN	22012
33801	59.2500	21.0000	8515	0.0	11	0.0000	15.0000	6.2104	1.5741	NaN	NaN	NaN	21108
33801	59.2500	21.0000	8515	0.0	12	0.0000	13.3000	6.3963	1.6532	NaN	NaN	NaN	20962
33802	61.8000	20.2333	8515	0.0	1	0.0000	11.5000	5.4922	1.5758	NaN	NaN	NaN	2476
33802	61.8000	20.2333	8515	0.0	2	0.0000	11.2000	5.7506	1.2830	NaN	NaN	NaN	978
33802	61.8000	20.2333	8515	0.0	3	0.0000	8.6000	4.4965	1.3796	NaN	NaN	NaN	1681
33802	61.8000	20.2333	8515	0.0	4	0.0000	8.6000	4.3461	1.2165	NaN	NaN	NaN	2778
33802	61.8000	20.2333	8515	0.0	5	0.0000	11.9000	4.1113	1.2663	NaN	NaN	NaN	3579
33802	61.8000	20.2333	8515	0.0	6	0.0000	8.7000	4.0604	1.1853	NaN	NaN	NaN	4563
33802	61.8000	20.2333	8515	0.0	7	0.0000	7.8000	4.1143	1.1678	NaN	NaN	NaN	4694
33802	61.8000	20.2333	8515	0.0	8	0.0000	10.5000	4.4033	1.2375	NaN	NaN	NaN	4689
33802	61.8000	20.2333	8515	0.0	9	0.0000	9.3000	4.4979	1.3232	NaN	NaN	NaN	4604
33802	61.8000	20.2333	8515	0.0	10	0.0000	9.8000	4.9175	1.3367	NaN	NaN	NaN	4739
33802	61.8000	20.2333	8515	0.0	11	0.0000	10.6000	5.2658	1.4536	NaN	NaN	NaN	4474
33802	61.8000	20.2333	8515	0.0	12	0.0000	11.4000	5.8153	1.3400	NaN	NaN	NaN	4347
33803	59.9650	25.2350	8515	0.0	1	0.0000	11.6000	5.5329	1.6295	NaN	NaN	NaN	3920
33803	59.9650	25.2350	8515	0.0	2	0.0000	7.7000	4.7155	1.3587	NaN	NaN	NaN	284
33803	59.9650	25.2350	8515	0.0	3	0.0000	6.2000	4.9500	1.7678	NaN	NaN	NaN	2
33803	59.9650	25.2350	8515	0.0	4	0.0000	9.1000	4.7286	1.4054	NaN	NaN	NaN	1959
33803	59.9650	25.2350	8515	0.0	5	0.0000	11.2000	4.5642	1.4135	NaN	NaN	NaN	10815
33803	59.9650	25.2350	8515	0.0	6	0.0000	11.8000	4.7297	1.4144	NaN	NaN	NaN	13407
33803	59.9650	25.2350	8515	0.0	7	0.0000	11.2000	4.7395	1.4637	NaN	NaN	NaN	12942
33803	59.9650	25.2350	8515	0.0	8	0.0000	25.0000	4.6644	1.4651	NaN	NaN	NaN	12809
33803	59.9650	25.2350	8515	0.0	9	0.0000	11.1000	4.8571	1.4578	NaN	NaN	NaN	15210
33803	59.9650	25.2350	8515	0.0	10	0.0000	11.6000	4.9966	1.4816	NaN	NaN	NaN	15433
33803	59.9650	25.2350	8515	0.0	11	0.0000	11.6000	5.2010	1.4686	NaN	NaN	NaN	15013
33803	59.9650	25.2350	8515	0.0	12	0.0000	11.1000	5.2216	1.5144	NaN	NaN	NaN	11940
33804	64.6842	23.2392	8515	0.0	1	0.0000	40.0000	NaN	NaN	NaN	NaN	NaN	0
33804	64.6842	23.2392	8515	0.0	2	0.0000	40.0000	NaN	NaN	NaN	NaN	NaN	0
33804	64.6842	23.2392	8515	0.0	3	0.0000	40.0000	NaN	NaN	NaN	NaN	NaN	0
33804	64.6842	23.2392	8515	0.0	4	0.0000	40.0000	NaN	NaN	NaN	NaN	NaN	0
33804	64.6842	23.2392	8515	0.0	5	0.0000	40.0000	NaN	NaN	NaN	NaN	NaN	0
33804	64.6842	23.2392	8515	0.0	6	0.0000	40.0000	NaN	NaN	NaN	NaN	NaN	0
33804	64.6842	23.2392	8515	0.0	7	0.0000	40.0000	NaN	NaN	NaN	NaN	NaN	0
33804	64.6842	23.2392	8515	0.0	8	0.0000	40.0000	NaN	NaN	NaN	NaN	NaN	0
33804	64.6842	23.2392	8515	0.0	9	0.0000	40.0000	NaN	NaN	NaN	NaN	NaN	0
33804	64.6842	23.2392	8515	0.0	10	0.0000	40.0000	NaN	NaN	NaN	NaN	NaN	0
33804	64.6842	23.2392	8515	0.0	11	0.0000	40.0000	NaN	NaN	NaN	NaN	NaN	0
33804	64.6842	23.2392	8515	0.0	12	0.0000	7.1000	5.2142	1.2358	NaN	NaN	NaN	113
33805	60.1233	24.9725	8515	0.0	1	0.0000	40.0000	NaN	NaN	NaN	NaN	NaN	0
33805	60.1233	24.9725	8515	0.0	2	0.0000	40.0000	NaN	NaN	NaN	NaN	NaN	0
33805	60.1233	24.9725	8515	0.0	3	0.0000	40.0000	NaN	NaN	NaN	NaN	NaN	0
33805	60.1233	24.9725	8515	0.0	4	0.0000	40.0000	NaN	NaN	NaN	NaN	NaN	0
33805	60.1233	24.9725	8515	0.0	5	0.0000	40.0000	NaN	NaN	NaN	NaN	NaN	0
33805	60.1233	24.9725	8515	0.0	6	0.0000	40.0000	NaN	NaN	NaN	NaN	NaN	0
33805	60.1233	24.9725	8515	0.0	7	0.0000	40.0000	NaN	NaN	NaN	NaN	NaN	0
33805	60.1233	24.9725	8515	0.0	8	0.0000	40.0000	NaN	NaN	NaN	NaN	NaN	0
33805	60.1233	24.9725	8515	0.0	9	0.0000	9.1000	5.1468	1.6189	NaN	NaN	NaN	47
33805	60.1233	24.9725	8515	0.0	10	0.0000	40.0000	NaN	NaN	NaN	NaN	NaN	0
33805	60.1233	24.9725	8515	0.0	11	0.0000	9.1000	4.1294	1.5599	NaN	NaN	NaN	1212
33805	60.1233	24.9725	8515	0.0	12	0.0000	40.0000	NaN	NaN	NaN	NaN	NaN	0
