33001	57.2167	11.5667	70.0
33002	58.9333	19.1667	90.0
33003	60.9000	18.6167	70.0
33004	55.9167	18.7833	116.0
33005	58.4833	10.9333	73.0
33008	57.5167	17.6167	87.0
33011	57.2167	11.5667	70.0
33012	58.9333	19.1667	90.0
33015	58.4833	10.9333	73.0
33021	63.5000	19.8083	42.0
33022	58.8020	17.6252	38.0
33023	56.9308	17.0607	40.0
33024	58.3025	11.7533	40.0
33025	58.2568	11.4510	40.0
33026	58.8833	11.0983	68.0
33027	58.7460	11.4925	20.0
33030	58.1835	11.0153	-999.0
33031	59.0363	18.1205	-999.0
33032	59.0144	18.2253	-999.0
33033	58.2500	11.2167 53.0
33041	56.5659	12.7249	19.0
33042	55.8776	14.5401	21.0
33043	56.1680	16.6344	56.0
33044	58.3025	11.7533	40.0
33045	55.8646	14.4947	20.0
33046	55.8777	14.5444	20.0
33047	55.5914	12.8443	8.5
33050	58.8940	12.9190	-999.0
2157	65.6969	23.0961	-999.0
2055	64.9158	21.2306	-999.0
2056	63.9861	20.8950	-999.0
2321	63.1906	19.0125	-999.0
2061	62.3633	17.5311	-999.0
2179	60.4086	18.2108	-999.0
2069	59.3242	18.0817	-999.0
2507	58.7689	17.8589	-999.0
2076	58.5536	16.8372	-999.0
2080	57.6392	18.2844	-999.0
2083	57.3661	17.0972	-999.0
2085	57.2750	16.4781	-999.0
2088	56.1053	15.5894	-999.0
2320	55.5575	14.3578	-999.0
30488	55.4167	12.8294	-999.0
2095	55.5222	12.8936	-999.0
2099	55.7564	12.9033	-999.0
2228	56.1422	12.5792	-999.0
2105	57.2497	12.1125	-999.0
2109	57.6847	11.7906	-999.0
2110	58.0933	11.8325	-999.0
2111	58.3536	11.2178	-999.0
2130	58.9967	11.1272	-999.0
2062	62.3333	17.4667	-999.0
2067	60.6333	17.9667	-999.0
2073	58.7500	17.8667	-999.0
2098	55.6167	13.0000	-999.0
2093	55.4167	13.8167	-999.0
2104	57.1000	12.2167	-999.0
2108	57.6833	11.9000	-999.0
2541	58.3475	11.8948	-999.0
2542	56.2980	12.7865	-999.0
2543	55.9284	14.3286	-999.0
33084	57.3920	11.9190	-999.0
2545	58.4843	16.9607	-999.0
2588	65.7717	23.9029	-999.0
33091	57.6914	11.9011	-999.0
33092	57.7147	11.9669	-999.0
33093	57.7231	11.9869	-999.0
33094	57.7658	12.0056	-999.0
33095	57.7897	12.0100	-999.0
33096	57.6967	11.9089	-999.0
33099	58.2500	11.4500	-999.0
33101	55.5358	12.7117	-999.0
33102	55.2167	11.0333	-999.0
33103	55.1833	11.0833	-999.0
33104	55.2167	11.0833	-999.0
33105	55.4000	10.9500	-999.0
33121	57.7194	10.5858	-999.0
33122	56.7054	8.2226	-999.0
33123	56.5246	8.1152	-999.0
33124	56.4111	10.9306	-999.0
33125	56.3703	8.1201	-999.0
33127	56.0008	8.1292	-999.0
33128	55.9750	11.3722	-999.0
33129	55.7167	10.0167	-999.0
33130	55.6361	12.6867	-999.0
33132	55.3333	8.6833	-999.0
33133	55.2542	12.3728	-999.0
33134	55.1308	8.6859	-999.0
33135	55.1000	14.6833	-999.0
33136	55.0870	8.5654	-999.0
33138	54.9333	10.8333	-999.0
33139	54.8167	12.1333	-999.0
33140	55.8167	10.6444	-999.0
33142	56.7075	8.2090	-999.0
33143	56.3722	8.1137	-999.0
33144	56.3712	8.1259	-999.0
33145	55.9988	8.1146	-999.0
33146	56.0008	8.1292	-999.0
33147	54.7528	10.6778	-999.0
33148	55.2833	8.5833	-999.0
33149	55.2500	9.5167	-999.0
33150	55.1833	8.6833	-999.0
33151	54.9667	8.6667	-999.0
33152	54.9167	9.7833	-999.0
33153	55.5667	10.0833	-999.0
33154	55.2667	9.8833	-999.0
33155	55.1000	10.2500	-999.0
33156	55.1833	11.6500	-999.0
33157	55.0000	12.1667	-999.0
33158	54.8333	11.4833	-999.0
33171	56.1000	12.4667	-999.0
33172	55.3333	11.1333	-999.0
33173	55.2833	10.8333	-999.0
33174	55.2500	14.8333	-999.0
33175	54.5667	11.9333	-999.0
33176	56.1500	10.2167	-999.0
33177	55.4667	8.4333	-999.0
33178	55.5667	9.7500	-999.0
33179	57.4333	10.5667	-999.0
33180	55.0000	9.9833	-999.0
33181	57.1167	8.6000	-999.0
33182	57.6000	9.9667	-999.0
33183	55.7000	12.6000	-999.0
33184	54.6500	11.3500	-999.0
33185	54.9667	8.6667	-999.0
33186	55.8500	12.5667	-999.0
33187	56.6333	9.8000	-999.0
33188	56.6000	10.3000	-999.0
33189	56.4500	10.0500	-999.0
33190	55.9167	10.2667	-999.0
33191	55.7167	11.7167	-999.0
33192	55.6000	12.6833	-999.0
33193	55.6500	12.0833	-999.0
33194	55.4500	12.2000	-999.0
33201	54.5000	10.2667	-999.0
33202	54.6000	11.1500	-999.0
33203	54.7000	12.7000	-999.0
33204	54.8833	13.8617	-999.0
33205	54.0833	14.1667	-999.0
33206	54.7000	12.7000	-999.0
33207	54.6000	11.1500	-999.0
33208	54.7000	12.7000	-999.0
33209	54.8833	13.8667	-999.0
33211	54.5000	10.2667	-999.0
33213	54.7000	12.7000	-999.0
33214	54.8833	13.8617	-999.0
33284	55.0083	13.1542	-999.0
33287	54.2500	13.9200	-999.0
33288	54.1500	11.7300	-999.0
33289	55.0083	13.1542	-999.0
33290	55.0083	13.1542	-999.0
33221	54.3722	10.1569	-999.0
33222	54.0603	14.0008	-999.0
33223	54.5108	13.6431	-999.0
33224	53.9581	10.8722	-999.0
33225	54.1697	12.1033	-999.0
33226	54.0417	13.7703	-999.0
33227	53.8989	11.4581	-999.0
33228	53.7503	14.0664	-999.0
33229	53.9919	11.3756	-999.0
33230	54.3153	13.0986	-999.0
33231	54.5114	9.5692	-999.0
33232	54.6733	10.0367	-999.0
33233	54.0831	12.1550	-999.0
33234	54.0967	10.8128	-999.0
33235	53.8931	10.7031	-999.0
33236	54.8233	9.6542	-999.0
33237	54.4997	10.2733	-999.0
33238	54.6644	9.9381	-999.0
33239	54.8247	9.8881	-999.0
33240	54.3769	12.4194	-999.0
33241	54.4747	9.8361	-999.0
33242	54.7950	9.4331	-999.0
33243	54.0928	13.4461	-999.0
33244	54.3731	11.0056	-999.0
33245	54.5575	13.2450	-999.0
33246	54.4397	13.0328	-999.0
33251	53.5575	6.7478	-999.0
33252	53.5450	8.5681	-999.0
33253	53.8678	8.7175	-999.0
33254	54.1789	7.8900	-999.0
33255	54.4722	9.0247	-999.0
33256	54.6317	8.3839	-999.0
33257	54.1222	8.8592	-999.0
33258	53.3367	7.1864	-999.0
33259	53.5144	8.1450	-999.0
33301	54.4340	19.0090	-999.0
33321	54.5833	16.8500	-999.0
33322	54.4000	18.7000	-999.0
33323	54.5333	18.5333	-999.0
33324	54.8000	18.4167	-999.0
33325	54.7667	17.5500	-999.0
33326	54.4333	16.3833	-999.0
33327	54.1833	15.5500	-999.0
33328	53.9167	14.2833	-999.0
33371	54.6167	18.8000	-999.0
33391	54.4485	18.5781	-999.0
33421	55.7333	21.0833	-999.0
33521	57.7333	22.5833	-999.0
33522	57.0500	24.0167	-999.0
33523	56.5333	20.9833	-999.0
33524	57.3333	23.1167	-999.0
33525	57.7500	24.3667	-999.0
33526	57.3167	24.4000	-999.0
33527	57.4000	21.5500	-999.0
33528	56.9667	23.9333	-999.0
33529	57.5000	22.8000	-999.0
33601	59.6867	24.6283	50.0
33602	59.7119	24.7314	-999.0
33603	59.5102	24.6662	-999.0
33604	58.4893	21.6344	70.0
33605	59.71743	25.0150	101.0
33621	59.0690	22.6969	-999.0
33622	58.3889	24.4868	-999.0
33623	58.6938	22.5229	-999.0
33624	59.4444	24.7637	-999.0
33625	59.3349	24.0796	-999.0
33626	59.4227	27.7401	-999.0
33627	59.5000	24.9667	-999.0
33628	58.8664	23.0466	-999.0
33629	58.9049	23.4248	-999.0
33630	58.5761	23.5081	-999.0
33631	58.5742	23.3935	-999.0
33632	58.5914	22.7173	-999.0
33633	58.2280	24.1185	-999.0
33634	59.2094	23.4983	-999.0
33635	58.9444	23.5550	-999.0
33636	59.5178	26.5447	-999.0
33637	58.9208	22.0664	-999.0
33638	59.5625	24.7944	-999.0
33639	57.7833	23.2589	-999.0
33721	59.9333	30.2667	-999.0
33722	59.9667	29.7500	-999.0
33723	60.0167	27.0000	-999.0
33801	59.2500	21.0000	-999.0
33802	61.8000	20.2333	-999.0
33803	59.9650	25.2350	-999.0
33804	64.6842	23.2392	-999.0
33805	60.1233	24.9725	-999.0
33821	65.6729	24.5153	-999.0
33822	63.7086	22.6896	-999.0
33823	62.3440	21.2148	-999.0
33824	60.0319	20.3848	-999.0
33825	60.1536	24.9562	-999.0
33826	60.5628	27.1792	-999.0
33827	59.8229	22.9766	-999.0
33828	65.0403	25.4182	-999.0
33829	61.5944	21.4634	-999.0
33830	64.6659	24.4071	-999.0
33831	61.1335	21.4634	-999.0
33832	60.4283	22.1005	-999.0
33833	63.0815	21.5712	-999.0
33834	60.2058	25.6251	-999.0
33871	60.2723	27.1099	-999.0
33872	65.2356	24.9704	-999.0
33873	64.3067	23.5350	-999.0
33875	59.7572	23.2196	-999.0
33876	60.0578	24.7170	-999.0
33877	59.9042	22.6282	-999.0
33878	61.6200	21.3900	-999.0
35001	63.3167	20.1667	-999.0
35002	61.0333	18.5167	-999.0
35003	60.5000	18.9167	-999.0
35004	59.5833	19.7833	-999.0
35005	58.5833	19.1500	-999.0
35006	58.5500	17.5167	-999.0
35007	58.4833	17.8667	-999.0
35008	56.1167	16.5667	-999.0
35009	55.9500	15.7000	-999.0
35010	55.3000	12.7833	-999.0
35011	55.5833	12.8500	-999.0
35012	55.6167	12.8833	-999.0
35013	56.1667	12.5167	-999.0
35014	57.1000	12.2167	-999.0
35015	57.1667	11.6667	-999.0
35016	57.5667	11.6000	-999.0
35017	57.9000	11.4667	-999.0
35018	57.9333	11.6500	-999.0
35019	58.3833	11.5833	-999.0
35020	58.5333	11.0333	-999.0
35021	58.8833	10.8333	-999.0
35022	58.9667	11.1167	-999.0
35051	66.4500	16.4833	-999.0
35052	60.8833	20.7500	-999.0
35053	60.8667	18.2333	-999.0
35054	59.4667	20.3500	-999.0
35055	59.3333	19.1333	-999.0
35056	59.1500	19.1333	-999.0
35057	58.6000	17.4667	-999.0
35058	57.5833	18.1667	-999.0
35059	57.4333	19.2833	-999.0
35060	56.8333	18.2167	-999.0
35061	56.6667	16.3833	-999.0
35062	56.1667	16.1167	-999.0
35063	56.0667	16.6833	-999.0
35064	56.0667	16.6833	-999.0
35065	55.9333	15.3167	-999.0
35066	56.5500	12.7333	-999.0
35067	55.6000	12.8500	-999.0
35068	57.2167	11.8333	-999.0
35069	57.2167	11.5667	-999.0
35070	57.6000	11.6333	-999.0
35071	58.5833	11.0667	-999.0
35072	58.5333	10.9833	-999.0
35073	58.7903	13.2506	-999.0
35160	58.4843	16.9607	-999.0
35204	55.7459	12.9168	-999.0
35139	59.0900	17.6700	-999.0
35178	58.3401	12.3517	-999.0
35177	58.3410	12.3509	-999.0
35109	58.3360	11.4046	-999.0
35156	58.3418	11.4005	-999.0
35119	60.7315	17.3258	-999.0
35170	58.3800	12.3100	-999.0
35185	59.1848	17.6428	-999.0
35121	60.7282	17.5578	-999.0
35134	56.8920	12.4895	-999.0
35213	56.8920	12.4895	-999.0
35186	60.8921	18.6035	-999.0
35136	55.5610	12.8095	-999.0
35137	55.5894	12.8445	-999.0
35122	55.5182	12.7448	-999.0
35188	60.4086	18.2108	-999.0
35197	59.6638	18.9320	-999.0
35240	64.6633	21.3167	-999.0
35175	58.0983	12.1506	-999.0
35203	57.7144	11.9675	-999.0
35115	56.6488	12.8358	-999.0
35116	57.8963	11.4672	-999.0
35210	60.1700	18.4820	-999.0
35110	56.0412	12.6845	-999.0
35181	56.0185	12.6973	-999.0
35182	56.0251	12.6917	-999.0
35148	59.5331	17.0082	-999.0
35142	58.5913	16.1988	-999.0
35143	58.6330	16.0000	-999.0
35124	63.6555	20.3410	-999.0
35165	58.6000	17.3100	-999.0
35158	61.6243	17.1288	-999.0
35101	58.6342	16.3248	-999.0
35103	65.7888	23.3033	-999.0
35105	56.6713	16.3888	-999.0
35106	56.6713	16.3888	-999.0
35157	59.7244	19.0658	-999.0
35184	57.6878	11.8696	-999.0
35131	56.1542	14.8212	-999.0
35187	57.5152	17.6185	-999.0
35146	59.4940	16.4517	-999.0
35201	59.3586	18.4151	-999.0
35102	58.7400	17.8700	-999.0
35123	65.4688	22.4642	-999.0
35180	58.1362	12.1175	-999.0
35193	58.1356	12.1197	-999.0
35179	58.1374	12.1199	-999.0
35155	59.2134	17.6102	-999.0
35127	61.2067	17.1452	-999.0
35166	61.2112	17.1641	-999.0
35154	59.3425	18.1413	-999.0
35164	55.6432	13.0046	-999.0
35163	55.6487	12.9999	-999.0
35162	55.6652	12.9680	-999.0
35152	55.6257	12.9845	-999.0
35104	57.8880	11.5732	-999.0
35190	58.5536	16.8372	-999.0
35194	57.9669	11.7283	-999.0
35171	57.6723	11.7075	-999.0
35149	59.4500	17.2833	-999.0
35128	60.9383	17.1540	-999.0
35113	58.9172	17.9730	-999.0
35211	57.2662	16.4762	-999.0
35118	58.6600	17.1000	-999.0
35207	65.3099	21.4204	-999.0
35195	58.7588	13.1554	-999.0
35129	59.7588	19.3168	-999.0
35206	65.1940	21.5827	-999.0
35107	59.2510	19.0128	-999.0
35205	57.2498	12.1126	-999.0
35200	57.4092	16.6759	-999.0
35169	58.8369	13.9756	-999.0
35138	63.1881	19.0161	-999.0
35117	64.6758	21.2880	-999.0
35168	59.3163	13.4385	-999.0
35202	59.2863	18.8941	-999.0
35114	57.7060	18.8100	-999.0
35125	62.3499	17.5781	-999.0
35173	58.3092	12.3187	-999.0
35140	58.3503	11.4265	-999.0
35135	57.2752	16.5530	-999.0
35183	65.5497	22.2383	-999.0
35167	58.7080	12.5062	-999.0
35153	62.8900	17.8691	-999.0
35126	60.1744	18.8249	-999.0
35132	59.1900	17.6300	-999.0
35172	57.6805	11.7882	-999.0
35192	58.2764	12.2760	-999.0
35208	58.2984	11.3275	-999.0
35198	58.3475	11.8948	-999.0
35133	57.1110	12.2385	-999.0
35191	58.3573	12.3749	-999.0
35144	57.6317	11.6076	-999.0
35161	58.6400	17.1200	-999.0
35108	57.6395	18.2850	-999.0
35199	59.3630	18.3763	-999.0
35151	57.7473	16.7416	-999.0
35159	55.4227	13.8255	-999.0
35174	58.2585	12.2308	-999.0
35130	59.6822	18.9831	-999.0
35176	57.9469	12.0871	-999.0
37101	65.7333	23.3667	-999.0
37102	65.5333	23.5667	-999.0
37103	65.3333	22.7333	-999.0
37104	65.3167	22.3667	-999.0
37105	64.9167	21.2500	-999.0
37106	64.6667	21.3333	-999.0
37107	64.4833	21.5667	-999.0
37108	64.1667	20.9833	-999.0
37109	64.0000	20.9000	-999.0
37110	63.5645	19.8336	-999.0
37121	63.6167	20.4333	-999.0
37122	63.4333	19.6833	-999.0
37123	63.3333	20.1833	-999.0
37124	63.1833	18.9667	-999.0
37125	62.3667	17.5333	-999.0
37126	61.7167	17.5167	-999.0
37127	61.6167	17.4333	-999.0
37128	61.5500	17.4667	-999.0
37129	61.2667	17.4000	-999.0
37130	61.2000	17.2833	-999.0
37131	60.7333	17.5667	-999.0
37132	60.7333	17.3333	-999.0
37133	60.5000	18.8500	-999.0
37134	60.1833	18.8333	-999.0
37135	59.7833	19.1667	-999.0
37136	60.8833	17.9167	-999.0
37137	62.2333	17.8000	-999.0
37140	59.4333	18.3667	-999.0
37141	59.7167	19.0833	-999.0
37142	59.8000	19.3667	-999.0
37143	59.8667	19.6667	-999.0
37144	59.9500	19.9667	-999.0
37145	60.0833	20.9167	-999.0
37201	59.4333	19.5000	-999.0
37202	59.1667	19.1333	-999.0
37203	59.0833	18.1667	-999.0
37204	58.9833	18.4333	-999.0
37205	58.7333	17.8667	-999.0
37206	58.5833	17.4667	-999.0
37207	58.4167	16.9667	-999.0
37208	57.7000	16.9167	-999.0
37209	57.3667	17.0833	-999.0
37210	57.4167	18.9167	-999.0
37211	57.3000	17.9667	-999.0
37212	56.9167	18.2500	-999.0
37213	56.6500	16.3833	-999.0
37214	56.0667	16.6833	-999.0
37215	56.0500	15.5667	-999.0
37216	56.0000	14.8333	-999.0
37217	55.9167	14.4167	-999.0
37218	57.6833	16.9000	-999.0
37219	59.5667	20.0833	-999.0
37230	59.4333	18.3667	-999.0
37231	59.2500	19.0167	-999.0
37232	59.3500	20.1000	-999.0
37233	59.4167	20.8000	-999.0
37234	59.4833	21.4833	-999.0
37235	59.5667	22.5500	-999.0
37236	59.7167	23.6000	-999.0
37237	59.9500	24.9167	-999.0
37238	59.6333	20.0000	-999.0
37239	59.7500	21.4167	-999.0
37240	58.7333	18.1500	-999.0
37241	58.4000	18.1667	-999.0
37242	57.8333	18.2500	-999.0
37243	57.3000	16.7833	-999.0
37244	57.4167	17.1333	-999.0
37245	57.5333	17.6667	-999.0
37250	57.3000	17.9167	-999.0
37251	56.9167	18.1667	-999.0
37252	56.5000	18.1667	-999.0
37253	56.1667	18.3500	-999.0
37254	55.6667	18.5333	-999.0
37255	55.3333	18.6333	-999.0
37256	55.0000	18.7333	-999.0
37260	55.2833	13.1667	-999.0
37261	55.0000	13.3667	-999.0
37262	54.7667	13.5333	-999.0
37264	55.2833	13.1667	-999.0
37265	55.1167	12.9000	-999.0
37266	54.9500	12.7000	-999.0
37267	54.6333	12.3000	-999.0
37268	54.5000	12.1667	-999.0
37269	54.2500	11.4167	-999.0
37270	54.0000	10.9333	-999.0
37271	54.2500	14.2000	-999.0
37272	54.5000	14.1000	-999.0
37273	54.7500	14.0167	-999.0
37274	55.0000	13.9167	-999.0
37275	55.2500	13.8333	-999.0
37301	55.6000	12.8833	-999.0
37302	56.3000	12.4500	-999.0
37303	56.6167	12.8000	-999.0
37304	56.9333	12.3500	-999.0
37305	57.1000	12.2333	-999.0
37306	57.3000	11.9000	-999.0
37307	57.6000	11.6333	-999.0
37308	58.1000	11.3333	-999.0
37309	58.9000	11.0833	-999.0
37310	58.5333	11.0000	-999.0
37311	56.0000	12.6667	-999.0
37320	55.6667	12.9167	-999.0
37321	55.7333	12.6833	-999.0
37322	55.3000	12.6667	-999.0
37323	55.5333	12.7167	-999.0
37324	55.7167	12.6833	-999.0
37325	56.0167	12.6667	-999.0
37326	56.2500	12.2500	-999.0
37327	56.3333	11.3333	-999.0
37330	54.5000	10.2667	-999.0
37331	54.6667	10.7500	-999.0
37332	55.0000	11.0333	-999.0
37333	55.5167	10.8667	-999.0
37334	55.7500	10.8333	-999.0
37335	56.1000	11.1333	-999.0
37336	56.5167	11.6167	-999.0
37337	56.7500	11.8500	-999.0
37338	57.1500	11.6500	-999.0
37339	57.4667	11.6167	-999.0
37340	57.6000	11.6333	-999.0
37341	57.5333	11.3333	-999.0
37342	57.4667	10.8667	-999.0
37343	55.8500	12.7333	-999.0
37344	56.7000	11.7000	-999.0
37345	56.5667	11.3000	-999.0
37346	56.5000	12.0000	-999.0
37347	56.4833	11.4000	-999.0
37348	59.0000	10.6833	-999.0
37349	58.6000	10.7000	-999.0
37350	58.2167	10.7167	-999.0
37351	57.6667	10.7500	-999.0
37401	58.8000	13.3333	-999.0
37402	59.2333	14.0000	-999.0
37403	59.3667	13.5000	-999.0
37404	58.4167	12.7333	-999.0
37406	58.5000	14.5333	-999.0
37407	59.0000	12.7667	-999.0
37408	59.0500	12.7167	-999.0
40001	56.8567	10.7917	15.0
40002	55.2717	12.5750	24.0
40003	56.1317	11.1600	50.0
40004	58.3367	11.0333	123.0
40005	58.3167	10.9417	118.0
40006	58.2950	10.8500	142.0
40007	58.2667	10.7250	224.0
40008	58.2750	10.5133	358.0
40009	56.6667	12.1167	63.0
40010	58.8000	17.6167	-999.0
40011	55.5550	18.4000	111.0
40012	57.4000	16.9500	41.0
40013	64.3050	22.3583	107.0
40014	55.0000	13.3000	47.0
40015	55.0000	14.0833	99.0
40016	55.2917	14.4000	48.0
40017	55.3833	15.3333	92.0
40018	55.2500	15.9833	90.0
40019	55.2167	17.0667	92.0
40020	56.1250	19.2833	121.0
40021	56.6333	19.5833	150.0
40022	57.0667	19.8333	209.0
40023	57.3917	19.4333	119.0
40024	57.3333	20.0500	244.0
40025	57.6167	20.1667	160.0
40026	58.0000	19.8833	213.0
40027	58.4417	20.3333	122.0
40028	59.2967	21.5667	182.0
40029	59.0333	21.0833	204.0
40030	58.8833	20.3167	186.0
40031	58.7833	19.1000	185.0
40032	58.5833	18.2333	454.0
40033	58.0167	17.9833	209.0
40034	57.7167	17.3667	158.0
40035	57.1167	17.6667	110.0
40036	56.1167	16.5333	51.0
40037	55.5400	12.7292	13.0
40038	65.3917	23.5000	102.0
40039	64.7083	22.0667	126.0
40040	63.7917	21.4833	64.0
40041	63.5250	21.0833	46.0
40042	63.3083	20.2750	112.0
40043	61.9833	20.0667	139.0
40044	60.5417	18.9333	137.0
40045	60.1833	19.1500	278.0
40046	57.1917	11.6667	88.0
40047	56.5708	12.6383	15.0
40048	57.5333	11.3250	47.0
40049	57.4650	10.9000	42.0
40050	57.4333	10.7083	33.0
40051	55.6167	14.8667	80.0
40052	55.8000	15.3333	55.0
40053	57.7358	10.0077	90.0
40054	57.2167	17.6167	91.0
40055	56.2333	12.3700	25.0
40056	56.5650	12.7200	20.0
40057	56.5550	12.5667	23.0
40058	56.9583	11.7583	101.0
40059	57.1908	11.5325	89.0
40060	57.2933	10.7417	45.0
40061	56.1105	17.6055	44.0
40062	56.1457	17.7087	51.0
40063	56.3098	18.1807	29.0
40064	56.3330	18.3888	34.0
40065	58.0583	11.2867	48.0
40066	62.1333	17.8500	75.0
40067	61.9833	19.1667	72.0
40068	56.9400	12.2117	34.0
40069	55.5542	12.7583	11.0
40070	55.6467	12.9550	15.0
40071	55.7700	12.7967	19.0
40072	56.1267	12.5167	29.0
40073	57.8667	11.3000	98.0
40074	54.8333	19.3333	107.0
40075	55.3500	19.0583	83.0
40076	56.3708	16.2017	22.0
40077	64.9667	21.8667	88.0
40078	64.8367	23.1667	80.0
40079	64.7333	23.8167	40.0
40080	56.3550	12.5500	24.0
40081	58.2583	11.4333	77.0
40082	61.2333	17.6667	64.0
40083	61.1833	18.2333	73.0
40084	61.0833	19.5833	124.0
40085	61.1333	20.9333	50.0
40086	61.1083	20.2667	114.0
40087	56.5667	12.2167	53.0
40088	55.2750	16.5167	63.0
40089	57.5500	11.5250	79.0
40090	59.6600	19.8833	90.0
40091	62.8500	18.8917	204.0
40092	62.7500	19.2000	183.0
40093	62.5867	19.9750	219.0
40094	62.6000	20.8333	28.0
40095	57.9400	19.0444	48.0
40096	55.8667	12.7500	52.0
40097	55.7543	17.7322	56.0
40098	56.4917	16.8667	67.0
40099	62.6528	18.9523	193.0
40100	65.1667	23.2333	86.0
40101	62.1000	18.5483	82.0
40102	58.4833	10.9333	-999.0
40103	56.1667	16.6417	55.0
40104	59.8497	24.8338	80.0
40105	59.4833	22.9000	84.0
40106	59.1833	21.7468	128.0
40107	58.9333	19.1667	90.0
40108	58.0746	11.4925	30.0
40109	56.2167	17.2667	22.0
40301	58.3233	11.5467	118.0
40302	58.3877	11.6267	-999.0
40303	58.3333	11.8833	45.0
40304	58.3537	11.2400	28.0
40305	57.6675	11.6867	39.0
40306	57.6917	11.9067	11.0
40307	58.1097	11.8100	39.0
40308	58.3125	11.7733	37.0
40309	57.9017	11.6667	13.0
40310	58.2300	11.5800	42.0
40311	58.8683	11.1033	247.0
40312	57.6788	11.7683	14.0
40313	58.3433	11.4033	48.0
40314	57.5500	11.8083	24.0
40315	57.9197	11.5933	66.0
40351	58.0917	11.6367	12.1
40401	57.4067	12.0500	16.0
40402	57.3600	12.0297	30.0
40403	57.3033	11.9883	29.0
40404	57.1367	12.1067	23.0
40405	56.4847	12.7788	16.0
40406	56.4538	12.2313	40.0
40407	56.3155	12.6522	21.0
40408	56.2787	12.8107	8.5
40451	56.2167	12.5167	11.0
40452	55.7850	12.9067	7.6
40453	55.6867	13.0367	6.3
40454	55.6517	13.0350	3.2
40455	55.5133	12.8817	5.8
40501	55.3253	12.9412	17.0
40502	55.3858	13.6430	18.0
40503	55.6500	14.2975	19.5
40504	55.9833	14.5138	12.8
40505	55.8330	14.3343	17.0
40506	56.0415	14.5855	2.0
40507	56.1317	15.5025	16.0
40508	56.0282	14.5788	6.0
40509	56.1583	15.2967	10.0
40510	56.1582	15.2770	11.0
40511	56.1117	14.8242	27.0
40512	56.1617	14.8625	10.5
40513	56.1448	14.6983	10.5
40514	56.1482	14.9420	10.0
40515	56.1682	15.0403	15.0
40516	56.1248	14.9688	11.0
40517	56.0817	15.8183	5.0
40518	56.1483	15.6603	16.0
40519	56.1582	15.5537	8.0
40520	56.1367	15.6003	21.0
40521	56.2533	16.0408	1.0
40522	56.1367	15.9542	10.0
40551	56.7183	16.3600	2.0
40552	56.6283	16.3817	16.0
40553	56.6350	16.3083	6.0
40554	56.8867	16.6500	9.0
40555	57.0250	16.4917	5.0
40556	56.9583	16.4633	7.0
40557	57.0000	16.4900	6.0
40558	56.9783	16.4500	4.0
40559	56.9142	16.4458	4.8
40560	57.0650	16.5742	8.0
40561	57.0992	16.5650	14.0
40562	57.0642	16.6167	10.0
40563	57.0450	16.6283	14.0
40564	56.7733	16.5000	15.0
40601	57.3675	16.5733	8.0
40602	57.4092	16.6950	18.0
40603	57.2650	16.4800	8.5
40604	57.8608	16.4583	53.0
40605	57.9053	16.7068	1.5
40606	57.9000	16.7033	9.0
40607	57.6542	16.5933	17.0
40608	57.8367	16.4583	26.0
40609	57.5883	16.5358	24.0
40610	58.1932	16.6237	19.0
40611	58.1540	16.6858	33.0
40612	58.1255	16.7338	24.5
40613	58.2017	16.8555	58.0
40614	58.2497	16.8075	64.0
40615	58.1798	16.9632	26.0
40616	58.1213	16.8218	28.0
40617	57.9997	16.6717	20.5
40618	58.6720	16.9892	24.0
40619	58.6607	17.0427	19.0
40620	58.4487	16.5637	41.0
40621	58.7025	17.1702	17.0
40622	58.7337	17.1092	6.0
40623	58.3893	16.7302	18.0
40624	58.3653	16.9502	21.0
40625	58.3200	16.8218	28.0
40626	58.7090	17.2143	19.0
40627	58.7207	17.2480	10.0
40628	58.7427	17.3562	13.5
40629	58.7737	17.5295	54.5
40630	58.8048	17.4798	19.0
40631	58.8095	17.4970	41.0
40632	58.8450	17.5840	8.4
40633	58.8258	17.6983	32.0
40634	58.6283	16.3078	11.5
40635	58.5963	16.8415	28.0
40636	58.6407	16.3863	16.5
40637	58.6408	16.4865	6.5
40638	58.4887	16.9505	31.5
40651	57.3068	18.7548	11.5
40652	57.8550	18.5983	17.0
40653	57.8932	19.0368	8.0
40654	57.4000	18.1313	10.0
40655	57.6853	18.9108	22.0
40701	58.8000	17.6300	42.0
40702	58.8833	20.3167	178.0
40703	58.5600	18.2400	446.0
40711	59.3832	18.2162	30.4
40712	59.2952	18.3198	57.0
40713	59.3192	18.1527	39.4
40714	59.4043	18.1367	28.7
40715	59.2460	18.3458	61.0
40716	59.3253	18.3773	17.8
40717	59.2517	18.6807	73.3
40718	59.3438	18.2258	-999.0
40719	59.3078	18.0990	7.2
40720	59.4888	18.4988	46.3
40721	59.3355	18.7710	-999.0
40722	59.3580	18.1115	-999.0
40723	59.3662	18.3432	-999.0
40724	59.4333	18.1900	-999.0
40725	59.2985	18.2295	-999.0
40726	59.3995	18.3472	-999.0
40727	59.4057	18.3582	-999.0
40728	59.3138	18.8527	-999.0
40729	59.4092	18.5205	-999.0
40730	59.3990	18.4398	-999.0
40731	59.9187	18.8955	12.5
40732	59.8217	19.1733	66.0
40733	59.8285	19.0845	46.0
40734	59.7692	19.0275	13.7
40735	59.7610	18.7562	12.5
40736	59.7452	19.0965	69.5
40737	59.7103	19.0840	43.5
40738	59.7477	19.2690	68.0
40739	59.4118	17.9985	17.5
40740	59.3708	18.0368	10.0
40741	59.6865	18.9210	11.0
40742	59.6903	18.8582	15.0
40743	59.6602	18.8388	19.0
40744	59.6497	18.9320	38.5
40745	59.6328	18.8612	47.0
40746	59.6020	18.6943	13.5
40747	59.5685	18.6513	51.0
40748	59.5473	18.5952	35.5
40749	59.4562	18.6475	32.0
40750	59.4788	19.0455	74.0
40751	59.5420	19.2153	86.0
40752	59.3967	18.3723	28.0
40753	59.3643	18.6348	49.0
40754	59.0457	18.4925	73.5
40755	59.2732	18.5303	22.0
40756	59.2872	18.5030	27.0
40757	59.2902	18.3792	11.0
40758	59.1910	18.6042	106.0
40759	59.2135	18.4708	46.0
40760	59.2208	18.3930	76.5
40761	59.1840	18.3913	26.5
40762	59.2007	18.3820	22.0
40763	59.0412	18.1140	37.5
40764	58.9237	18.0992	65.0
40765	58.9013	18.0130	64.0
40766	58.8480	17.8810	13.0
40767	59.1708	18.4317	39.0
40768	58.8880	17.8188	19.0
40769	58.9305	17.7878	12.6
40770	58.8892	17.8685	14.0
40771	58.8990	17.8553	8.5
40772	58.9025	17.8457	6.3
40773	59.0638	17.6378	11.0
40774	59.1178	17.6875	32.0
40775	59.1705	17.6657	23.9
40776	59.0847	17.7422	39.6
40777	59.1902	17.6325	8.8
40778	59.3203	18.0827	-999.0
40779	59.4478	18.3467	-999.0
40780	59.3783	18.6733	-999.0
40781	59.3772	18.4427	-999.0
40782	59.4395	18.3907	60.3
40783	60.5388	17.7177	7.0
40784	60.2780	18.4903	-999.0
40785	60.2125	18.6133	17.0
40786	60.1620	18.5830	29.0
40787	60.0848	18.7632	16.0
40788	59.9875	18.8003	8.6
40789	60.2157	18.6953	29.0
40790	60.4038	18.5102	19.0
40791	59.5867	18.7367	-999.0
40792	59.3450	18.7633	-999.0
40793	59.2685	18.3867	28.0
40801	60.6585	17.4912	17.0
40802	60.7068	17.5138	35.0
40803	60.9575	17.1667	-999.0
40804	60.9697	17.1835	-999.0
40805	60.6887	17.2190	-999.0
40806	60.7117	17.2745	-999.0
40807	60.7292	17.3167	-999.0
40808	60.6970	17.2840	-999.0
40809	60.6633	17.6067	17.0
40810	60.6623	17.4072	17.0
40811	61.7137	17.1252	-999.0
40812	61.6945	17.2265	-999.0
40813	61.6218	17.1497	-999.0
40814	61.6233	17.2228	-999.0
40815	61.6437	17.3030	-999.0
40816	61.6033	17.2483	-999.0
40817	61.5818	17.1545	-999.0
40818	61.5775	17.0982	-999.0
40819	61.5442	17.0815	-999.0
40820	61.2590	17.1878	-999.0
40821	61.2775	17.1662	-999.0
40822	61.3110	17.0930	-999.0
40823	61.2623	17.1670	-999.0
40824	61.1848	17.1920	-999.0
40825	61.2045	17.1528	-999.0
40826	62.4327	17.7480	-999.0
40827	62.4958	17.4532	-999.0
40828	62.4625	17.3698	-999.0
40829	62.4108	17.4032	-999.0
40830	62.3875	17.3532	-999.0
40831	62.3492	17.4198	-999.0
40832	62.3358	17.3882	-999.0
40833	63.1707	18.6478	84.0
40834	63.1088	18.7243	115.0
40835	62.8627	18.2640	85.0
40836	62.9640	18.4187	50.0
40837	62.9570	18.4103	40.0
40838	62.9488	18.4482	40.0
40839	62.9497	18.5123	84.0
40840	62.9740	18.4162	30.0
40841	63.0120	18.4288	100.0
40842	63.0265	18.4790	62.0
40843	63.0675	18.5172	65.0
40844	63.0350	18.4320	60.0
40845	63.0055	18.5753	82.0
40846	63.0230	17.7823	-999.0
40847	62.6615	17.9200	-999.0
40848	62.6618	17.9610	-999
40849	62.9507	17.8048	-999
40850	62.9332	17.8447	-999
40851	62.9165	17.9132	-999
40852	62.8615	17.8980	-999
40853	62.8123	17.8922	-999
40854	62.8307	18.0463	-999
40855	62.9665	17.8632	-999
40856	62.7748	18.0457	-999
40857	62.7833	17.9407	-999
40858	62.7582	17.9672	-999
40859	62.6492	17.9680	-999
40860	62.6342	18.0565	-999
40861	62.6683	17.8630	-999
40862	62.6173	17.9263	-999
40863	62.5842	17.9307	-999
40864	62.9927	17.7045	-999.0
40865	62.7497	18.0975	-999.0
40866	62.9765	17.7348	-999.0
40867	63.2632	18.7152	-999.0
40868	63.2697	18.6838	-999.0
40869	63.2800	18.7208	-999.0
40870	63.2712	18.7337	-999.0
40871	63.2568	18.7625	-999.0
40872	63.2445	18.8172	-999.0
40873	63.2362	18.8833	-999.0
40874	63.4815	19.8283	33.0
40875	63.6790	20.3292	-999.0
40876	63.5073	19.5787	-999.0
40877	63.5402	19.5062	-999.0
40878	63.1725	18.6148	62.0
40879	63.1293	18.6453	68.0
40880	63.1543	18.7065	98.0
40881	63.3455	19.1153	-999.0
40882	63.3390	19.1675	-999.0
40883	63.3105	19.1428	-999.0
40884	63.3127	19.1780	-999.0
40885	63.2962	19.1365	-999.0
40886	63.2950	19.1653	-999.0
40887	63.5250	19.8082	22.0
40888	63.6153	19.9240	-999.0
40889	63.7105	20.3360	-999.0
40890	63.8288	20.4907	-999.0
40891	63.8253	20.5007	-999.0
40892	63.6937	20.5208	24.0
40893	63.6728	20.3333	12.0
40894	63.6355	20.3867	23.0
40895	63.6097	20.3208	24.0
40896	64.6940	21.1772	-999.0
40897	63.0035	18.2925	50.0
40898	64.6105	21.2445	-999.0
40899	64.9413	21.2365	-999.0
40900	64.9427	21.2388	-999.0
40901	64.8287	21.0457	-999.0
40902	64.8220	21.0445	-999.0
40903	65.3033	21.4350	16.5
40904	65.2492	21.7008	17.5
40905	65.3097	21.7608	23.0
40906	65.2558	21.5108	10.0
40907	65.8075	22.3750	8.0
40908	65.7300	22.4468	14.0
40909	65.5613	22.2785	3.0
40910	65.5600	22.3233	5.0
40911	65.5433	22.3600	7.0
40912	65.5442	22.2700	11.0
40913	65.5705	22.1487	10.0
40914	65.7522	23.3272	11.8
40915	65.8367	23.1750	-999.0
40916	65.7975	23.2550	3.7
40917	65.7850	23.3017	5.0
40951	64.7083	22.0667	125.0
40952	65.1667	23.2333	99.0
40953	62.1000	18.5483	86.0
40954	62.6528	18.9523	197.0
40955	63.4997	19.8190	25.0
40956	63.5250	19.8082	21.0
40957	62.8627	18.2640	85.0
40958	65.8075	22.3750	8.0
40959	65.7300	22.4467	14.0
41001	56.1444	10.6088	17.0
41002	56.2577	10.3987	14.0
41003	56.2427	10.3687	17.0
41004	56.1827	10.2954	16.0
41005	56.1553	10.3200	19.0
41006	56.1362	10.2457	16.0
41007	56.1377	10.4304	17.0
41008	56.1149	10.2462	15.0
41009	56.0784	10.5240	27.0
41010	56.0442	10.3913	18.0
41011	56.1022	10.3047	16.0
41012	56.2500	10.4167	14.0
41013	56.0994	10.4754	46.0
41014	56.2188	10.4467	18.0
41015	56.6100	10.4433	10.0
41016	56.6178	10.5337	13.0
41017	56.4745	10.2120	8.0
41018	56.5217	10.2310	8.0
41019	56.6067	10.2972	11.0
41020	56.0095	10.2238	1.0
41021	56.0158	10.2395	1.0
41022	56.0232	10.2496	1.0
41023	55.0925	14.6750	1.0
41024	55.1100	14.6700	25.0
41025	55.2867	14.8017	1.0
41026	55.2783	14.7467	1.0
41027	55.0700	15.1475	1.0
41028	55.1317	15.1658	1.0
41029	55.0192	14.9033	1.0
41030	55.2500	15.9833	90.0
41031	55.1115	14.6570	21.0
41032	55.2867	14.8017	1.0
41033	55.2783	14.7467	1.0
41034	55.0700	15.1500	1.0
41035	55.1317	15.1658	1.0
41036	55.0192	14.9033	1.0
41037	55.2500	15.9833	95.0
41038	57.5500	11.5250	81.0
41039	57.8333	11.0667	50.0
41040	57.8667	11.3000	98.0
41041	57.8000	10.8667	64.0
41042	58.1667	9.5000	650.0
41043	57.5333	11.3250	47.0
41044	57.4650	10.9000	42.0
41045	57.4333	10.7083	28.0
41046	57.6083	9.9167	21.0
41047	57.1333	8.5833	30.0
41048	56.6500	8.1333	20.0
41049	56.6500	7.7667	31.0
41050	56.6500	7.4000	35.0
41051	56.6500	7.0333	38.0
41052	56.6500	6.6667	40.0
41053	56.6500	6.3000	47.0
41054	56.1667	8.0000	18.0
41055	56.1667	7.7167	28.0
41056	55.7333	8.0000	17.0
41057	55.7333	7.7667	22.0
41058	55.7333	7.4000	20.0
41059	55.7333	7.0333	32.0
41060	55.7333	6.6667	38.0
41061	55.7333	6.3000	45.0
41062	55.3167	7.9667	20.0
41063	55.3167	7.6000	25.0
41064	55.3167	7.2167	28.0
41065	55.3167	6.8333	26.0
41066	55.3167	6.4500	41.0
41067	55.0000	8.2667	13.0
41068	55.0000	7.9667	17.0
41069	55.0000	7.6000	25.0
41070	55.0000	7.2167	31.0
41071	55.0000	6.8333	37.0
41072	55.0000	6.4500	45.0
41073	56.1667	7.4167	28.0
41074	56.1667	7.0833	35.0
41075	56.1667	6.6667	41.0
41076	56.1667	6.3000	43.0
41077	54.5333	8.1333	16.0
41078	54.5333	7.8667	20.0
41079	54.5333	7.6000	25.0
41080	54.5333	7.2167	40.0
41081	54.5333	6.8333	37.0
41082	54.5333	6.4500	38.0
41083	55.3167	8.3000	15.0
41084	57.6333	9.8667	26.0
41085	57.7000	9.7500	71.0
41086	57.8500	9.5667	92.0
41087	58.0000	9.3667	455.0
41088	57.2333	8.5417	26.0
41089	57.3167	8.5000	30.0
41090	57.4833	8.4167	80.0
41091	57.6500	8.3333	220.0
41092	55.5350	12.7133	12.0
41093	55.8508	12.6687	20.0
41094	57.2933	10.7417	45.0
41095	56.8567	10.7917	15.0
41096	56.6667	12.1167	64.0
41097	56.5583	11.0333	16.0
41098	56.3750	12.0333	33.0
41099	56.0500	10.5467	65.0
41100	55.9333	10.9833	41.0
41101	55.8667	12.7500	53.0
41102	55.8117	10.5000	42.0
41103	55.2717	12.5750	25.0
41104	55.0500	11.0333	40.0
41105	55.0000	13.3000	46.0
41106	54.8000	12.3667	22.0
41107	54.7000	10.7667	36.0
41108	57.1917	11.6667	87.0
41109	56.2333	12.3700	25.0
41110	56.1650	11.8000	36.0
41111	56.1317	11.1600	49.0
41112	55.6550	10.7617	53.0
41113	55.3767	11.0000	40.0
41114	54.5700	11.3333	29.0
41115	54.4867	12.2800	27.0
41116	54.3167	11.5500	24.0
41117	54.6000	10.4500	19.0
41118	55.9367	12.5633	9.0
41119	56.0730	12.0553	13.0
41120	56.1565	12.3117	15.0
41121	55.9992	11.8600	12.0
41122	56.0709	11.7625	19.0
41123	56.1326	11.9642	20.0
41124	56.1665	12.1677	19.0
41125	55.9758	12.6203	23.0
41126	55.9250	12.0233	10.0
41127	55.9445	11.9262	14.0
41128	55.9150	11.8258	11.0
41129	55.8867	12.0333	8.0
41130	56.1082	12.4958	29.0
41131	56.1455	12.4047	27.0
41132	55.6068	10.2948	1.0
41133	55.5872	10.2870	10.0
41134	55.4589	9.7631	12.0
41135	55.4539	9.8134	2.0
41136	55.3561	9.8725	1.0
41137	55.3503	9.8744	1.0
41138	55.3389	9.8931	2.0
41139	57.5333	11.4333	2.0
41140	55.1660	10.0752	11.0
41141	55.0755	10.2569	12.0
41142	54.8738	10.4742	3.0
41143	54.8735	10.4387	3.0
41144	55.0628	10.3743	2.0
41145	55.0491	10.3699	12.0
41146	54.9956	10.5447	1.0
41147	54.7288	10.7041	1.0
41148	54.7608	10.6806	1.0
41149	54.7967	10.6667	3.0
41150	54.7961	10.6591	5.0
41151	54.7908	10.6646	1.0
41152	54.8858	10.7028	3.0
41153	54.8775	10.6992	2.0
41154	54.9950	10.6573	8.0
41155	55.2968	10.7565	1.0
41156	55.2977	10.7717	2.0
41157	55.4460	10.6239	8.0
41158	55.4322	10.5737	3.0
41159	55.4517	10.5670	4.0
41160	55.6152	10.6122	2.0
41161	55.5823	10.6222	1.0
41162	55.5665	10.6215	1.0
41163	55.6750	10.0917	21.0
41164	55.6033	9.9567	19.0
41165	55.5827	9.8404	24.0
41166	55.5067	9.6550	59.0
41167	55.4297	9.7233	35.0
41168	55.5533	9.7483	47.0
41169	55.6711	10.2987	23.0
41170	55.2567	9.8800	6.0
41171	55.2094	9.7771	26.0
41172	55.1027	10.0087	28.0
41173	55.1017	9.6767	31.0
41174	54.9983	10.1617	37.0
41175	54.9883	10.2250	41.0
41176	54.9050	10.2167	32.0
41177	54.7917	10.3958	32.0
41178	55.0567	10.1950	30.0
41179	54.9867	10.7117	9.0
41180	55.0717	10.7700	11.0
41181	55.0583	10.6250	10.0
41182	54.8783	10.6183	6.0
41183	54.9450	10.5333	6.0
41184	55.0300	10.4217	21.0
41185	55.1422	10.8462	19.0
41186	55.0667	10.8033	13.0
41187	54.8342	10.5608	13.0
41188	54.9247	10.5150	4.0
41189	54.8933	10.7017	6.0
41190	55.0315	10.8049	13.0
41191	55.1055	10.8321	15.0
41192	55.1789	10.8616	20.0
41193	55.2101	10.8456	22.0
41194	55.2554	10.8558	24.0
41195	55.2887	10.8743	30.0
41196	55.2970	10.7953	13.0
41197	55.6167	10.7017	34.0
41198	55.1699	11.0038	43.0
41199	55.5083	10.8633	38.0
41200	55.3194	10.8838	28.0
41201	55.4792	10.5192	11.0
41202	55.5168	10.5257	3.0
41203	55.4992	10.5835	6.0
41204	55.4518	10.4782	2.0
41205	55.6033	10.5333	18.0
41206	55.3998	9.7380	19.0
41207	55.5858	9.9148	14.0
41208	55.6340	9.9980	16.0
41209	55.6765	10.0597	25.0
41210	55.7287	10.2955	17.0
41211	55.7213	10.3012	24.0
41212	55.7107	10.3178	27.0
41213	55.6427	10.4112	21.0
41214	55.0835	9.9448	29.0
41215	55.0430	9.9075	38.0
41216	55.1875	9.7027	17.0
41217	55.1843	9.7180	23.0
41218	55.1817	9.7540	26.0
41219	55.1742	9.8253	21.0
41220	55.1720	9.9022	22.0
41221	55.1898	9.9423	20.0
41222	55.3030	9.8690	23.0
41223	54.6538	10.6985	19.0
41224	54.6500	10.6842	29.0
41225	54.6752	10.4955	23.0
41226	54.6850	10.4753	32.0
41227	54.7532	10.5242	30.0
41228	54.8032	10.5575	17.0
41229	54.9000	10.1917	34.0
41230	54.9128	10.2397	26.0
41231	55.0407	10.2945	15.0
41232	55.0668	10.1778	20.0
41233	55.0682	10.0985	28.0
41234	54.9593	10.1262	36.0
41235	54.9883	10.1995	20.0
41236	54.9645	10.2867	34.0
41237	54.9485	10.3652	24.0
41238	54.9125	10.4125	17.0
41239	54.9478	10.4377	17.0
41240	54.9460	10.4590	17.0
41241	55.6400	10.7772	54.0
41242	55.4377	10.8833	21.0
41243	55.3572	9.8738	1.0
41244	55.3515	9.8747	1.0
41245	55.1887	10.1100	4.0
41246	55.1660	10.0752	11.0
41247	55.0624	10.3727	2.0
41248	55.0448	10.3695	12.0
41249	54.8872	10.7005	3.0
41250	54.8777	10.6993	2.0
41251	55.2968	10.7565	1.0
41252	55.2977	10.7717	2.0
41253	55.4322	10.5737	3.0
41254	55.4517	10.5670	4.0
41255	55.5793	12.4983	8.0
41256	55.5947	12.4128	8.0
41257	55.5350	12.7133	14.0
41258	55.8252	12.6178	11.0
41259	55.6405	12.6875	13.0
41260	55.8667	12.7500	54.0
41261	55.8267	12.7000	26.0
41262	55.7992	12.7350	23.0
41263	55.4860	12.5893	22.0
41264	55.5350	12.7133	12.0
41265	55.6967	12.6023	10.0
41266	55.7002	12.6860	20.0
41267	57.5670	10.4422	8.0
41268	57.5733	10.4705	12.0
41269	57.2100	10.6983	25.0
41270	56.8567	10.7917	16.0
41271	56.8533	10.4168	8.0
41272	56.8666	10.5164	14.0
41273	56.6627	9.9737	29.0
41274	56.9437	9.5612	2.0
41275	56.9735	9.5918	4.0
41276	57.0100	9.6417	4.0
41277	57.5856	9.9277	12.0
41278	57.6078	9.9153	24.0
41279	57.6328	9.8653	32.0
41280	57.5663	10.4408	8.0
41281	57.5727	10.4692	12.0
41282	57.2100	10.6983	25.0
41283	56.8567	10.7917	16.0
41284	56.8527	10.4178	8.0
41285	56.8667	10.5163	14.0
41286	56.9895	10.3085	14.0
41287	56.6627	9.9737	29.0
41288	55.5167	8.1167	15.0
41289	55.4667	8.0167	14.0
41290	55.4167	7.9167	18.0
41291	55.4065	8.1833	16.0
41292	55.3667	8.0667	16.0
41293	55.3375	8.3507	15.0
41294	55.2985	8.2667	14.0
41295	55.2667	8.1350	17.0
41296	55.4615	8.3288	12.0
41297	55.5122	8.3443	7.0
41298	55.5483	8.2908	5.0
41299	55.4647	8.4242	10.0
41300	55.3733	8.5693	6.0
41301	55.3385	8.5477	6.0
41302	55.2653	8.5725	1.0
41303	56.0743	8.2207	5.0
41304	55.9588	8.2785	5.0
41305	56.3442	8.2120	10.0
41306	56.3132	8.2517	3.0
41307	55.9667	8.1083	16.0
41308	55.9667	8.0000	27.0
41309	56.6935	8.2352	14.0
41310	55.4067	12.3240	13.0
41311	55.4933	12.4233	14.0
41312	55.6688	12.0767	8.0
41313	55.7217	11.8233	8.0
41314	55.3671	12.5293	22.0
41315	55.7130	12.0667	5.0
41316	55.4334	12.3830	12.0
41317	55.4339	12.2335	5.0
41318	55.0533	8.4745	37.0
41319	54.9491	9.8249	12.0
41320	54.9787	9.7821	12.0
41321	55.0061	9.6850	25.0
41322	55.0312	9.4706	27.0
41323	55.0504	9.5583	35.0
41324	55.1261	9.4823	22.0
41325	55.1224	9.5382	22.0
41326	54.9900	8.5568	26.0
41327	55.2872	9.6352	7.0
41328	55.2111	9.7750	26.0
41329	55.0973	8.5797	33.0
41330	54.9250	9.6284	12.0
41331	54.8461	9.6453	24.0
41332	54.8247	9.7343	27.0
41333	55.2497	9.5333	7.0
41334	54.8283	9.4334	14.0
41335	54.8407	9.4855	21.0
41336	54.9133	9.6167	14.0
41337	54.8550	9.6083	17.0
41338	54.8374	9.8245	31.0
41339	54.8151	9.9621	31.0
41340	55.1019	9.6742	31.0
41341	55.1175	11.5867	12.0
41342	55.0627	11.6013	14.0
41343	55.1277	11.4188	14.0
41344	55.1110	11.3253	27.0
41345	55.1210	11.6862	12.0
41346	55.1145	11.6859	13.0
41347	55.1969	11.6780	4.0
41348	55.2063	11.7048	7.0
41349	55.1669	11.6923	2.0
41350	55.1404	11.8013	2.0
41351	55.1455	11.7443	12.0
41352	54.9743	11.6337	19.0
41353	54.8243	11.0412	50.0
41354	54.6092	11.8673	8.0
41355	54.7199	11.8805	3.0
41356	54.7094	11.8273	3.0
41357	54.9235	11.6858	9.0
41358	54.9760	12.2955	2.0
41359	55.0132	12.2332	4.0
41360	55.1827	12.1538	15.0
41361	55.1443	12.1203	12.0
41362	55.1610	12.0538	78.0
41363	55.1257	12.0435	4.0
41364	54.9077	12.5613	34.0
41365	54.8917	12.3333	77.0
41366	54.8233	12.3855	22.0
41367	55.1175	11.5867	13.0
41368	55.1117	11.3267	27.0
41369	55.1217	11.6875	12.0
41370	55.2070	11.7062	7.0
41371	55.1410	11.8025	2.0
41372	55.1454	11.7443	3.0
41373	54.8250	11.0425	50.0
41374	55.0138	12.2355	4.0
41375	55.1617	12.0550	5.0
41376	55.1253	12.0442	4.0
41377	54.9083	12.5625	34.0
41378	54.8917	12.3333	27.0
41379	54.8250	12.3867	22.0
41380	55.4933	9.5300	8.0
41381	55.4933	9.5850	12.0
41382	55.6967	9.5917	8.0
41383	55.5067	9.6267	22.0
41384	55.7050	9.6700	8.0
41385	55.6700	9.7383	14.0
41386	55.6500	9.8567	16.0
41387	55.8517	9.9083	7.0
41388	55.8483	9.9650	15.0
41389	55.8450	10.0267	20.0
41390	55.8721	10.0491	5.0
41391	55.6744	10.0904	22.0
41392	55.7887	10.0833	19.0
41393	55.7383	10.2167	16.0
41394	55.6767	10.0633	22.0
41395	57.1833	8.5842	33.0
41396	57.2333	8.5333	26.0
41397	56.6008	8.4148	11.0
41398	56.6567	8.7063	8.0
41399	56.9540	9.0625	14.0
41400	57.0340	9.6202	16.0
41401	57.0517	9.9437	19.0
41402	57.0517	9.9437	19.0
41403	56.9842	10.2283	15.0
41404	56.9897	10.2940	1.0
41405	56.9200	8.7375	12.0
41406	56.7495	9.1693	12.0
41407	56.6208	9.0758	6.0
41408	56.6608	9.2445	8.0
41409	55.7357	11.7507	14.0
41410	55.8020	11.7102	11.0
41411	55.8662	11.7952	10.0
41412	55.7212	11.8218	8.0
41413	56.0095	11.4068	19.0
41414	56.1305	11.1563	50.0
41415	55.9202	11.1922	18.0
41416	55.8595	11.2735	25.0
41417	55.7937	11.3352	8.0
41418	55.8228	11.1652	20.0
41419	55.7995	10.9252	24.0
41420	56.0303	11.1793	22.0
41421	55.7078	10.9385	17.0
41422	55.6720	11.0575	16.0
41423	55.6485	10.9533	18.0
41424	55.6045	11.0568	16.0
41425	55.4128	11.1230	26.0
41426	55.3378	11.1785	3.0
41427	55.2917	11.1667	38.0
41428	55.1753	11.3013	20.0
41429	55.2483	11.2822	4.0
41430	55.2600	11.2967	5.0
41431	55.2017	11.4683	4.0
41432	55.9208	11.8233	11.0
42001	54.6958	12.7057	-999.0
42501	54.2317	12.0750	30.0
42502	54.4137	11.6162	24.0
42503	54.5538	11.3152	27.0
42504	54.6622	10.7617	27.0
42505	54.6002	10.4495	27.0
42506	54.3162	11.5483	26.0
42507	54.1097	11.1747	24.0
42508	54.2307	12.0760	24.0
42509	54.3200	12.0613	24.0
42510	54.4062	12.0598	26.0
42511	54.4880	12.0647	24.0
42512	54.4644	12.2168	25.0
42513	54.7948	13.0595	30.0
42514	54.6970	12.7052	44.0
42515	54.7243	12.7832	45.0
42516	54.7957	13.0602	46.0
42517	54.8604	13.2756	46.0
42518	55.0002	13.3002	46.0
42519	54.9246	13.4989	46.0
42520	55.0239	13.6061	46.0
42521	55.0682	13.8090	47.0
42522	55.1668	14.2494	46.0
42523	55.2498	14.5067	45.0
42524	55.4663	14.7176	67.0
42525	55.3833	15.3332	90.0
42526	55.3028	15.7957	93.0
42527	55.2486	15.9830	88.0
42528	55.2218	16.1667	81.0
42529	55.2178	17.0672	89.0
42530	55.3270	18.2340	75.0
42531	55.5498	18.3987	87.0
42532	55.6332	18.6003	93.0
42533	55.8408	18.8653	98.0
42534	56.0832	19.1662	121.0
42535	56.3471	19.3775	131.0
42536	56.6342	19.5838	142.0
42537	55.3838	15.3342	88.0
42538	57.0723	19.8290	236.0
42539	55.3013	15.7993	92.0
42540	57.6167	20.1677	140.0
42541	58.0018	19.9013	191.0
42542	58.4418	20.3338	121.0
42543	58.5837	18.2338	440.0
42544	57.9997	17.9993	165.0
42545	57.1164	17.6657	108.0
42546	55.2503	15.9830	88.0
42547	55.1560	13.9398	43.0
42548	55.0633	13.9895	46.0
42549	55.0002	14.0835	47.0
42550	54.8917	13.9688	43.0
42551	54.8878	13.8683	44.0
42552	54.8037	13.9583	38.0
42553	54.7088	13.9482	28.0
42554	54.6110	14.0438	68.0
42555	54.5348	13.7690	20.0
42556	54.9247	13.4983	46.0
42557	54.6227	13.0268	41.0
42558	54.7230	12.7860	45.0
42559	54.7232	12.7833	20.0
42560	54.6953	12.7057	24.0
42561	54.4663	12.2177	25.0
42562	54.3147	11.5512	24.0
42563	54.9247	13.4995	46.0
42564	55.2514	14.5023	45.0
42565	54.7231	12.7812	22.0
42566	54.6967	12.7067	21.0
42567	54.3153	11.5497	23.0
42568	54.4658	12.2178	24.0
42569	54.3163	11.5495	23.0
42570	54.9241	13.4989	46.0
42571	54.7224	12.7834	21.0
42572	54.4679	12.2147	27.0
42573	57.3198	20.0495	236.0
42574	54.8738	13.8678	43.0
42575	55.0630	13.9890	45.0
42576	55.4998	16.0002	2.0
42577	56.3443	19.3767	50.0
42578	57.9997	17.9995	3.0
42579	54.6975	12.7132	20.0
42580	54.6503	12.4498	18.0
42581	54.5517	11.3180	27.0
42582	54.4187	11.6213	25.0
42583	54.3147	11.5493	24.0
42584	54.1092	11.1745	23.0
42585	54.7238	12.7855	23.0
42586	54.4880	12.0677	12.0
42587	54.4060	12.0635	19.0
42588	54.3188	12.0635	15.0
42589	54.4668	12.2172	25.0
42590	54.9998	13.3002	46.0
42591	55.1540	13.9385	44.0
42592	55.0627	13.9890	46.0
42593	55.0692	13.8250	46.0
42594	55.0237	13.6072	46.0
42595	54.9993	14.0842	47.0
42596	54.8897	13.9675	44.0
42597	54.8035	13.9593	40.0
42598	54.9242	13.5007	46.0
42599	54.8605	13.2777	44.0
42600	54.7957	13.0585	30.0
42601	54.7103	13.9450	29.0
42602	55.4682	14.7123	69.0
42603	55.4047	14.5377	59.0
42604	55.2508	14.5060	46.0
42605	55.1672	14.2492	46.0
42606	54.6101	14.0419	20.0
42607	54.6338	14.2827	31.0
42608	55.3848	15.3372	89.0
42609	55.4568	15.6298	82.0
42610	55.3012	15.7960	93.0
42611	55.2480	15.9823	88.0
42612	55.1595	15.6602	91.0
42613	55.4999	15.9996	78.0
42614	55.2204	16.1688	81.0
42615	55.2164	17.0657	91.0
42616	57.9997	17.9995	163.0
42617	57.1163	17.6648	107.0
42618	56.0832	19.1662	121.0
42619	55.8402	18.8667	99.0
42620	55.6333	18.5993	94.0
42621	55.3258	18.2365	76.0
42622	55.5487	18.3982	88.0
42623	56.6330	19.5800	141.0
42624	56.3439	19.3767	130.0
42625	57.6150	20.1672	141.0
42626	57.3185	20.0468	235.0
42627	57.0710	19.8255	202.0
42628	58.8838	20.3167	161.0
42629	58.7847	19.1012	131.0
42630	58.5833	18.2340	439.0
42631	58.4403	20.3355	121.0
42632	58.0000	19.8997	191.0
42633	54.6008	10.4503	18.0
42634	54.6582	10.7652	25.0
42635	54.5333	13.7683	20.0
42636	54.2317	12.0752	12.0
42637	54.6223	13.0303	10.0
44001	56.0280	21.0170	25.0
44002	56.0283	20.8333	25.0
44003	55.9250	20.9750	29.0
44004	55.9250	20.6730	29.0
44005	55.8200	21.0200	15.0
44006	55.7400	21.0500	24.0
44007	56.0200	19.1467	113.0
44008	55.7500	20.9733	24.0
44009	55.7183	21.0617	12.0
44010	55.5583	21.0783	62.0
44011	55.7650	20.8917	37.0
44012	55.8167	20.6500	37.0
44013	55.8817	20.3417	44.0
44014	56.0000	19.6500	54.0
44015	55.5200	20.5633	62.0
44016	55.3117	20.9544	12.0
44017	56.0417	21.0500	9.0
44018	56.0450	20.9683	17.0
44019	55.4050	20.7067	33.0
45001	57.3300	19.9700	182.0
45002	56.7000	19.8700	155.0
45003	57.1700	23.9300	38.0
45004	57.8500	23.9200	31.0
45005	57.8000	22.8800	38.0
45006	57.3000	23.8500	44.0
45007	57.4200	23.7700	45.0
45008	57.6200	23.6200	55.0
45009	57.4000	23.4900	44.0
45010	57.5700	22.9800	41.0
45011	57.8800	24.2400	13.0
45012	57.5900	24.3400	21.0
45013	57.4500	24.3500	13.0
45014	57.3200	24.3700	13.0
45015	57.1700	24.2500	31.0
45016	57.0900	24.0900	12.0
45017	57.0800	24.0100	14.0
45018	57.0500	23.9700	17.0
45019	57.0300	23.9200	31.0
45020	56.9800	23.7500	12.0
45021	56.9900	23.5800	13.0
45022	57.0500	23.4900	17.0
45023	57.4000	23.0700	13.0
45024	57.5300	22.8200	13.0
45025	57.7300	22.6200	15.0
45026	57.1000	23.9800	22.0
45027	57.1700	23.6700	42.0
45028	57.1300	23.9600	31.0
45029	57.8800	24.0700	27.0
45030	57.8300	22.4000	32.0
45031	57.6000	24.1200	43.0
45032	57.3500	24.0800	42.0
45033	57.8600	24.3000	8.0
45034	57.7400	24.3100	8.0
45035	57.5900	24.3000	21.0
45036	57.2400	24.3700	12.0
45037	57.1800	24.2200	21.0
45038	57.2200	24.1700	31.0
45039	57.0700	23.9800	13.0
45040	57.0600	23.8900	21.0
45041	57.0900	23.8300	31.0
45042	57.1700	23.3300	22.0
45043	57.1700	23.2500	10.0
45044	57.3300	23.1800	7.0
45045	57.3900	21.1000	67.0
45046	57.0600	24.0300	13.0
45047	57.6500	22.0800	12.0
45048	57.0100	21.3400	13.0
45049	56.3100	20.9500	11.0
45050	56.6200	21.0000	13.0
45051	56.4800	20.9600	12.0
45052	56.0755	21.0395	13.0
45053	57.5700	21.6000	15.0
45054	57.5900	21.7000	7.0
45055	56.1600	20.9900	13.0
45056	56.8800	21.1000	12.0
45057	57.7400	22.4400	7.0
45058	57.2300	21.3800	17.0
45059	57.3600	21.4600	12.0
45060	57.4600	21.5800	11.0
46001	59.4750	28.0083	13.0
46002	59.4067	27.7833	8.0
46003	59.5833	27.4500	38.0
46004	59.5400	27.1750	25.0
46005	59.4667	27.0167	13.0
46006	59.5633	26.6233	8.0
46007	59.9167	26.3417	75.0
46008	59.8333	25.6167	75.0
46009	59.7167	25.7083	80.0
46010	59.5500	25.3333	46.0
46011	59.6250	25.1833	96.0
46012	59.7167	25.0167	102.0
46013	59.8383	24.8383	80.0
46014	59.5483	24.9433	40.0
46015	59.5367	24.6883	44.0
46016	59.4500	24.7883	10.0
46017	59.6083	24.3500	85.0
46018	59.3800	24.1550	21.0
46019	59.3350	24.0333	24.0
46020	59.1833	23.3667	25.0
46021	59.3250	23.2667	90.0
46022	59.4533	22.9500	80.0
46023	59.3417	21.9667	80.0
46024	59.0333	21.0833	180.0
46025	58.4583	20.9183	-999.0
46026	58.0167	20.5333	100.0
46027	57.9667	21.5500	54.0
46028	57.8167	22.2833	28.0
46029	58.2000	23.4000	25.0
46030	57.8133	22.8883	38.0
46031	57.6717	23.5783	54.0
46032	57.9023	23.8617	30.0
46033	58.8167	23.2167	7.0
46034	59.8750	26.2833	70.0
46035	59.5867	24.6650	75.0
46036	59.5000	23.7333	80.0
46037	59.4333	23.1500	90.0
46038	58.4000	21.8333	50.0
46039	57.3333	20.1000	243.0
46040	57.9667	23.3500	44.0
46041	57.8333	23.5217	49.0
46042	59.4733	24.7867	25.0
46043	59.4700	24.8117	12.0
46044	59.4683	24.7333	12.0
46045	59.5117	24.6100	30.0
46046	59.4867	24.6617	15.0
46047	59.4950	24.7133	10.0
46048	59.4850	24.5900	35.0
46049	59.4450	24.6717	7.0
46050	58.0667	23.9533	11.0
46051	58.2167	24.3083	11.0
46052	58.3417	24.4300	6.0
46053	58.5833	23.4667	15.0
46054	58.8167	23.2167	7.0
46055	58.9500	23.1167	10.0
46056	59.4800	27.3500	20.0
46057	59.4617	28.0283	7.0
46058	59.5100	24.9367	10.0
48001	55.5500	18.4000	90.0
48002	64.3050	22.3583	109.0
48003	55.0000	13.3000	47.0
48004	55.0000	14.0833	48.0
48005	55.2500	15.9833	89.0
48006	57.3200	20.0500	238.0
48007	57.1167	17.6667	108.0
48008	65.3917	23.4667	91.0
48009	60.1890	19.1425	285.0
48010	60.0672	26.3467	68.0
48011	59.8467	24.8383	103.0
48012	59.4835	22.8968	82.0
48013	59.0333	21.0795	171.0
48014	58.5833	18.2333	446.0
48015	61.0833	19.5833	126.0
48016	62.5862	19.9688	214.0
48017	59.1833	21.7468	131.0
48018	60.0667	24.9833	37.0
48019	59.9667	25.2333	55.0
48020	59.7002	24.0302	66.0
48021	59.8667	23.9800	17.0
48022	59.7767	23.2633	51.0
48023	59.3333	23.2633	90.0
48024	59.5818	23.6268	80.0
48025	59.7050	24.6822	83.0
48026	59.8385	25.8568	84.0
48027	59.5430	27.7652	28.0
48028	60.2500	27.2467	58.0
48029	60.4167	27.5833	30.0
48030	60.5833	21.1300	43.0
48031	60.2333	21.1467	43.0
48032	59.9367	21.2200	112.0
48033	59.8150	21.3367	86.0
48034	61.1333	20.9333	42.0
48035	61.0634	20.1601	110.0
48036	61.7668	20.5305	101.0
48037	61.7950	20.2333	100.0
48038	61.9835	20.0630	137.0
48039	63.3167	20.2833	105.0
48040	58.8833	20.3167	186.0
48041	60.0168	26.0802	58.0
48042	59.9168	25.5970	69.0
48043	59.9168	25.0302	72.0
48044	59.6905	23.2572	55.0
48045	57.4000	19.2833	90.0
48046	57.3667	19.5292	116.0
48047	57.3000	20.5333	116.0
48048	61.6167	19.7968	82.0
48049	56.6333	19.5833	-999.0
48050	64.1837	22.9128	51.0
48051	55.2167	17.0667	91.0
48052	64.4170	22.9128	85.0
48053	65.0003	23.2462	86.0
48054	65.2337	23.5628	69.0
48055	61.5000	20.3333	130.0
48056	63.7917	21.4833	65.0
48057	63.5167	21.5130	48.0
48058	63.5168	21.0628	45.0
48059	60.5500	18.9167	130.0
48060	60.1072	28.8050	38.0
48061	60.1173	28.0592	51.0
48062	60.1340	27.4657	63.0
48063	59.7833	19.9300	193.0
48064	58.0000	19.8968	191.0
48065	64.7003	22.0628	122.0
48066	60.3385	28.0018	-999.0
48067	56.9367	18.8267	89.0
48068	56.9317	18.8983	123.0
48069	56.9283	19.0500	150.0
48070	56.9417	19.3667	170.0
48071	56.9383	19.8100	179.0
48072	56.9550	20.0600	171.0
48073	56.9583	20.1500	158.0
48074	56.9500	20.2667	133.0
48075	56.9583	20.4100	86.0
48076	55.0500	15.7500	85.0
48077	55.3333	15.7345	95.0
48078	55.8167	15.7500	74.0
48079	54.6833	15.7500	63.0
48080	55.4833	15.3167	81.0
48081	55.5500	15.1167	80.0
48082	55.6167	14.8660	77.0
48083	55.6833	14.7000	53.0
48084	56.4917	18.8333	99.0
48085	56.4833	18.9500	129.0
48086	56.4833	19.2867	131.0
48087	56.4833	18.5667	144.0
48088	56.4833	19.7667	134.0
48089	56.4998	19.9665	103.0
48090	56.4800	20.0833	92.0
48091	58.3500	21.2468	78.0
48092	58.4333	20.9468	88.0
48093	57.9825	21.2807	68.0
48094	57.9833	21.0833	80.0
48095	57.9917	20.7667	95.0
48096	57.9917	20.4167	102.0
48097	57.9868	20.1048	135.0
48098	59.3667	22.4633	102.0
48099	59.8465	24.8378	100.0
48100	59.8501	24.8301	77.0
48101	62.1345	18.1630	84.0
48102	62.1010	18.5520	86.0
48103	61.9837	19.1635	72.0
48104	61.8502	20.0552	129.0
48105	61.5402	20.6203	97.0
48106	64.9337	22.3460	96.0
48107	64.8003	23.4795	86.0
48108	63.9835	21.7628	78.0
48109	61.2333	17.6632	61.0
48110	61.1833	18.2300	72.0
48111	61.0502	20.2635	101.0
48112	61.0835	20.5965	78.0
48113	61.1668	21.1632	42.0
48114	62.8453	18.8887	204.0
48115	62.7588	19.1957	182.0
48116	62.6500	19.4902	136.0
48117	62.6002	20.2630	83.0
48118	62.6002	20.8297	23.0
48119	59.9655	25.2350	63.0
48120	58.0000	19.9001	213.0
48121	58.4333	20.3302	122.0
48122	55.3000	14.4000	48.0
48123	57.9998	17.9968	177.0
48124	55.3833	15.3333	92.0
48125	61.9835	20.0630	144.0
48126	59.0833	19.5800	109.0
48127	58.4500	20.1666	106.0
48128	58.7838	19.0943	184.0
48129	62.1167	17.8463	75.0
48130	64.9672	21.8625	89.0
48131	64.8337	23.1627	68.0
48132	64.7338	23.8128	41.0
48133	62.5862	19.9688	228.0

